93 24
93 25
93 26
92 26
92 25
91 25
90 25
89 25
89 26
89 27
89 28
89 29
88 29
87 29
86 29
86 30
87 30
88 30
88 31
87 31
86 31
86 32
87 32
88 32
89 32
89 31
90 31
90 32
90 33
89 33
88 33
87 33
86 33
86 34
85 34
85 35
85 36
85 37
86 37
87 37
87 36
86 36
86 35
87 35
87 34
88 34
88 35
88 36
88 37
88 38
88 39
88 40
88 41
89 41
89 40
89 39
89 38
90 38
90 37
89 37
89 36
89 35
89 34
90 34
90 35
90 36
91 36
91 35
91 34
91 33
92 33
92 32
93 32
93 31
92 31
91 31
91 30
90 30
90 29
90 28
90 27
90 26
91 26
91 27
92 27
93 27
93 28
92 28
91 28
91 29
92 29
92 30
93 30
93 29
94 29
94 28
95 28
95 27
96 27
96 28
96 29
95 29
95 30
94 30
94 31
94 32
95 32
95 33
94 33
93 33
93 34
92 34
92 35
92 36
92 37
91 37
91 38
92 38
92 39
91 39
90 39
90 40
90 41
90 42
91 42
91 41
91 40
92 40
92 41
92 42
92 43
92 44
93 44
93 43
93 42
93 41
93 40
93 39
93 38
93 37
93 36
93 35
94 35
94 34
95 34
95 35
95 36
94 36
94 37
95 37
95 38
96 38
96 37
96 36
96 35
96 34
97 34
97 35
97 36
97 37
97 38
97 39
98 39
98 38
98 37
98 36
98 35
98 34
98 33
97 33
96 33
96 32
97 32
97 31
96 31
96 30
97 30
97 29
98 29
98 30
98 31
98 32
99 32
99 31
99 30
100 30
100 31
100 32
101 32
101 33
100 33
99 33
99 34
99 35
99 36
99 37
99 38
99 39
99 40
98 40
97 40
96 40
96 39
95 39
94 39
94 40
95 40
95 41
94 41
94 42
95 42
95 43
94 43
94 44
95 44
95 45
96 45
96 44
96 43
96 42
96 41
97 41
97 42
98 42
98 41
99 41
100 41
101 41
101 40
100 40
100 39
101 39
102 39
102 38
101 38
100 38
100 37
100 36
100 35
100 34
101 34
101 35
101 36
101 37
102 37
102 36
102 35
103 35
103 34
103 33
102 33
102 32
103 32
103 31
102 31
101 31
101 30
102 30
102 29
101 29
100 29
100 28
99 28
98 28
97 28
97 27
98 27
99 27
100 27
100 26
99 26
98 26
97 26
96 26
95 26
94 26
94 25
95 25
96 25
96 24
95 24
94 24
94 23
95 23
95 22
94 22
94 21
95 21
95 20
96 20
96 19
95 19
94 19
94 18
95 18
96 18
96 17
95 17
94 17
93 17
93 16
94 16
94 15
95 15
95 16
96 16
96 15
97 15
97 16
97 17
97 18
97 19
97 20
97 21
96 21
96 22
96 23
97 23
98 23
98 24
97 24
97 25
98 25
99 25
100 25
100 24
101 24
101 23
100 23
99 23
99 22
98 22
98 21
98 20
98 19
99 19
99 18
98 18
98 17
99 17
99 16
98 16
98 15
98 14
97 14
97 13
98 13
98 12
97 12
96 12
96 11
96 10
95 10
94 10
94 9
95 9
95 8
95 7
95 6
96 6
96 7
96 8
96 9
97 9
97 10
97 11
98 11
98 10
98 9
98 8
97 8
97 7
98 7
98 6
99 6
99 7
99 8
100 8
100 9
99 9
99 10
100 10
100 11
99 11
99 12
99 13
99 14
99 15
100 15
100 16
100 17
100 18
100 19
100 20
99 20
99 21
100 21
100 22
101 22
101 21
101 20
101 19
101 18
101 17
102 17
102 18
102 19
102 20
102 21
102 22
102 23
102 24
103 24
103 23
103 22
103 21
103 20
103 19
103 18
104 18
104 19
104 20
104 21
104 22
105 22
106 22
106 21
105 21
105 20
106 20
106 19
106 18
105 18
105 17
104 17
103 17
103 16
102 16
101 16
101 15
101 14
100 14
100 13
101 13
101 12
101 11
102 11
102 12
103 12
103 11
104 11
104 12
104 13
103 13
102 13
102 14
102 15
103 15
103 14
104 14
104 15
104 16
105 16
105 15
106 15
106 14
105 14
105 13
105 12
106 12
106 13
107 13
107 14
107 15
107 16
106 16
106 17
107 17
107 18
107 19
107 20
107 21
107 22
108 22
108 21
109 21
109 20
109 19
108 19
108 18
108 17
108 16
108 15
108 14
109 14
109 15
109 16
109 17
109 18
110 18
110 19
111 19
111 18
112 18
112 17
112 16
111 16
111 17
110 17
110 16
110 15
111 15
112 15
112 14
111 14
110 14
110 13
109 13
109 12
108 12
107 12
107 11
106 11
105 11
105 10
105 9
106 9
106 10
107 10
107 9
108 9
108 10
108 11
109 11
109 10
109 9
109 8
108 8
108 7
109 7
109 6
110 6
110 7
110 8
110 9
110 10
111 10
112 10
112 11
111 11
110 11
110 12
111 12
111 13
112 13
112 12
113 12
113 13
113 14
114 14
114 13
114 12
115 12
115 13
115 14
116 14
116 13
116 12
116 11
115 11
115 10
116 10
116 9
116 8
117 8
117 9
117 10
117 11
118 11
118 12
117 12
117 13
117 14
118 14
118 13
119 13
119 14
120 14
120 13
120 12
119 12
119 11
120 11
120 10
121 10
121 9
122 9
122 10
122 11
121 11
121 12
122 12
122 13
121 13
121 14
122 14
123 14
123 15
122 15
122 16
121 16
121 15
120 15
120 16
119 16
119 15
118 15
117 15
116 15
115 15
114 15
113 15
113 16
114 16
115 16
116 16
116 17
115 17
114 17
113 17
113 18
114 18
115 18
116 18
117 18
117 17
117 16
118 16
118 17
119 17
120 17
121 17
122 17
122 18
121 18
120 18
120 19
119 19
119 18
118 18
118 19
117 19
117 20
116 20
116 19
115 19
115 20
114 20
114 19
113 19
112 19
112 20
111 20
110 20
110 21
111 21
112 21
113 21
113 22
113 23
112 23
112 22
111 22
110 22
109 22
109 23
110 23
111 23
111 24
110 24
109 24
109 25
108 25
108 24
108 23
107 23
107 24
106 24
106 23
105 23
104 23
104 24
105 24
105 25
104 25
103 25
102 25
101 25
101 26
101 27
101 28
102 28
102 27
102 26
103 26
104 26
104 27
103 27
103 28
104 28
104 29
103 29
103 30
104 30
105 30
105 29
105 28
105 27
105 26
106 26
106 25
107 25
107 26
107 27
106 27
106 28
107 28
107 29
106 29
106 30
107 30
107 31
108 31
108 30
108 29
108 28
108 27
108 26
109 26
109 27
109 28
109 29
110 29
110 28
110 27
110 26
110 25
111 25
112 25
113 25
113 24
114 24
114 25
115 25
115 24
115 23
115 22
114 22
114 21
115 21
116 21
117 21
118 21
118 22
117 22
116 22
116 23
117 23
117 24
116 24
116 25
116 26
117 26
117 25
118 25
119 25
119 24
118 24
118 23
119 23
119 22
119 21
120 21
120 20
121 20
122 20
122 21
121 21
121 22
120 22
120 23
121 23
122 23
123 23
123 22
124 22
124 23
125 23
125 22
125 21
126 21
127 21
127 20
127 19
128 19
128 20
128 21
129 21
130 21
130 22
130 23
129 23
129 22
128 22
128 23
127 23
127 22
126 22
126 23
126 24
125 24
125 25
124 25
124 24
123 24
122 24
121 24
120 24
120 25
121 25
122 25
123 25
123 26
124 26
125 26
126 26
126 27
125 27
125 28
124 28
124 27
123 27
123 28
123 29
122 29
122 28
122 27
122 26
121 26
121 27
121 28
121 29
120 29
120 28
120 27
120 26
119 26
118 26
118 27
119 27
119 28
118 28
117 28
117 27
116 27
116 28
115 28
115 27
115 26
114 26
113 26
112 26
111 26
111 27
111 28
112 28
112 29
111 29
111 30
110 30
109 30
109 31
109 32
108 32
107 32
106 32
106 31
105 31
104 31
104 32
104 33
105 33
106 33
107 33
108 33
109 33
110 33
110 32
110 31
111 31
111 32
112 32
112 31
112 30
113 30
113 29
113 28
113 27
114 27
114 28
114 29
115 29
116 29
117 29
118 29
119 29
119 30
118 30
117 30
116 30
115 30
114 30
114 31
113 31
113 32
114 32
115 32
115 31
116 31
116 32
117 32
117 31
118 31
119 31
120 31
120 32
119 32
118 32
118 33
117 33
116 33
115 33
115 34
116 34
117 34
117 35
116 35
115 35
114 35
114 34
114 33
113 33
113 34
113 35
112 35
112 34
112 33
111 33
111 34
111 35
111 36
112 36
113 36
114 36
114 37
113 37
112 37
111 37
111 38
112 38
112 39
111 39
110 39
109 39
109 38
110 38
110 37
110 36
110 35
110 34
109 34
109 35
108 35
108 34
107 34
106 34
105 34
104 34
104 35
105 35
105 36
106 36
106 35
107 35
107 36
108 36
109 36
109 37
108 37
107 37
106 37
105 37
104 37
104 36
103 36
103 37
103 38
103 39
104 39
104 38
105 38
105 39
106 39
106 38
107 38
108 38
108 39
107 39
107 40
106 40
105 40
104 40
103 40
102 40
102 41
103 41
104 41
105 41
105 42
106 42
106 41
107 41
107 42
108 42
108 41
108 40
109 40
110 40
111 40
111 41
110 41
109 41
109 42
110 42
111 42
112 42
112 41
113 41
113 40
113 39
113 38
114 38
115 38
116 38
116 37
115 37
115 36
116 36
117 36
117 37
117 38
118 38
119 38
119 37
120 37
120 36
120 35
119 35
119 36
118 36
118 35
118 34
119 34
120 34
120 33
121 33
121 34
122 34
122 33
123 33
123 32
122 32
121 32
121 31
122 31
123 31
123 30
124 30
125 30
125 29
126 29
126 30
127 30
127 31
126 31
125 31
124 31
124 32
124 33
125 33
125 32
126 32
126 33
127 33
128 33
128 34
127 34
126 34
125 34
124 34
123 34
123 35
124 35
125 35
126 35
126 36
127 36
127 35
128 35
129 35
129 36
128 36
128 37
127 37
126 37
125 37
125 36
124 36
123 36
122 36
122 35
121 35
121 36
121 37
122 37
122 38
121 38
120 38
120 39
121 39
121 40
121 41
122 41
122 40
123 40
123 39
123 38
123 37
124 37
124 38
125 38
126 38
127 38
128 38
129 38
129 39
128 39
127 39
126 39
125 39
124 39
124 40
125 40
126 40
127 40
128 40
128 41
127 41
126 41
125 41
125 42
124 42
124 41
123 41
123 42
122 42
121 42
120 42
120 41
120 40
119 40
119 39
118 39
117 39
116 39
115 39
114 39
114 40
115 40
116 40
117 40
118 40
118 41
119 41
119 42
118 42
117 42
117 41
116 41
116 42
115 42
115 41
114 41
114 42
113 42
113 43
114 43
115 43
116 43
117 43
118 43
119 43
120 43
121 43
122 43
123 43
124 43
125 43
125 44
124 44
124 45
123 45
123 44
122 44
122 45
121 45
121 44
120 44
120 45
119 45
119 44
118 44
118 45
117 45
117 44
116 44
116 45
116 46
117 46
118 46
119 46
120 46
121 46
121 47
120 47
119 47
118 47
118 48
119 48
120 48
121 48
122 48
122 47
122 46
123 46
124 46
125 46
125 45
126 45
126 46
126 47
125 47
124 47
123 47
123 48
124 48
125 48
126 48
127 48
128 48
129 48
130 48
130 49
129 49
128 49
127 49
126 49
126 50
127 50
127 51
126 51
125 51
125 50
125 49
124 49
123 49
122 49
121 49
120 49
119 49
118 49
117 49
117 48
117 47
116 47
116 48
115 48
115 47
115 46
115 45
115 44
114 44
113 44
112 44
112 43
111 43
110 43
109 43
109 44
110 44
111 44
111 45
112 45
113 45
114 45
114 46
114 47
113 47
113 46
112 46
111 46
110 46
110 45
109 45
108 45
108 44
108 43
107 43
107 44
106 44
106 43
105 43
104 43
103 43
103 42
102 42
102 43
101 43
101 42
100 42
100 43
99 43
98 43
97 43
97 44
98 44
99 44
100 44
100 45
100 46
99 46
98 46
98 45
97 45
97 46
96 46
95 46
94 46
94 45
93 45
93 46
93 47
94 47
94 48
95 48
95 47
96 47
96 48
97 48
97 47
98 47
99 47
99 48
100 48
100 47
101 47
101 46
101 45
101 44
102 44
102 45
103 45
103 44
104 44
105 44
105 45
106 45
106 46
105 46
104 46
103 46
102 46
102 47
103 47
103 48
104 48
104 47
105 47
106 47
107 47
107 46
108 46
108 47
109 47
109 48
110 48
110 47
111 47
111 48
111 49
112 49
112 48
113 48
114 48
114 49
113 49
113 50
114 50
115 50
115 49
116 49
116 50
117 50
118 50
119 50
119 51
118 51
118 52
119 52
120 52
120 51
120 50
121 50
122 50
123 50
124 50
124 51
123 51
122 51
121 51
121 52
122 52
122 53
122 54
123 54
123 53
124 53
124 52
125 52
126 52
127 52
127 53
128 53
128 52
128 51
128 50
129 50
129 51
130 51
131 51
131 50
132 50
132 51
132 52
131 52
130 52
129 52
129 53
130 53
131 53
131 54
131 55
130 55
130 54
129 54
129 55
128 55
128 54
127 54
126 54
126 53
125 53
125 54
124 54
124 55
123 55
122 55
122 56
122 57
121 57
121 56
121 55
121 54
121 53
120 53
120 54
120 55
119 55
119 54
119 53
118 53
118 54
118 55
117 55
117 54
117 53
117 52
117 51
116 51
115 51
114 51
113 51
112 51
112 50
111 50
110 50
110 49
109 49
108 49
108 48
107 48
106 48
105 48
105 49
104 49
103 49
102 49
102 48
101 48
101 49
100 49
99 49
98 49
97 49
96 49
95 49
95 50
95 51
96 51
96 50
97 50
98 50
99 50
100 50
101 50
102 50
103 50
103 51
104 51
104 50
105 50
106 50
106 49
107 49
107 50
108 50
109 50
109 51
108 51
107 51
106 51
105 51
105 52
106 52
107 52
108 52
109 52
110 52
110 51
111 51
111 52
111 53
112 53
112 52
113 52
114 52
115 52
116 52
116 53
116 54
116 55
116 56
117 56
118 56
119 56
120 56
120 57
119 57
118 57
118 58
117 58
117 57
116 57
116 58
115 58
115 57
115 56
115 55
115 54
115 53
114 53
113 53
113 54
112 54
112 55
113 55
114 55
114 56
114 57
114 58
113 58
113 57
113 56
112 56
111 56
111 55
111 54
110 54
110 53
109 53
108 53
107 53
106 53
105 53
104 53
104 52
103 52
103 53
102 53
101 53
101 52
102 52
102 51
101 51
100 51
99 51
98 51
97 51
97 52
96 52
96 53
97 53
98 53
98 52
99 52
100 52
100 53
99 53
99 54
100 54
101 54
102 54
103 54
104 54
105 54
106 54
107 54
108 54
109 54
109 55
108 55
107 55
106 55
105 55
105 56
106 56
107 56
108 56
108 57
107 57
107 58
108 58
109 58
109 57
109 56
110 56
110 57
111 57
112 57
112 58
111 58
110 58
110 59
109 59
108 59
107 59
106 59
106 58
106 57
105 57
105 58
104 58
104 57
104 56
103 56
103 55
102 55
101 55
100 55
99 55
98 55
98 54
97 54
97 55
96 55
96 54
95 54
95 53
94 53
94 54
93 54
93 55
92 55
92 56
93 56
94 56
94 55
95 55
95 56
96 56
97 56
98 56
99 56
100 56
100 57
99 57
98 57
97 57
96 57
95 57
95 58
96 58
97 58
97 59
98 59
98 58
99 58
100 58
100 59
99 59
99 60
100 60
101 60
101 59
101 58
101 57
101 56
102 56
102 57
103 57
103 58
103 59
102 59
102 60
103 60
104 60
104 59
105 59
105 60
106 60
107 60
107 61
108 61
108 60
109 60
110 60
111 60
111 59
112 59
112 60
113 60
113 61
112 61
111 61
111 62
110 62
110 61
109 61
109 62
108 62
107 62
106 62
106 61
105 61
104 61
103 61
102 61
101 61
100 61
100 62
101 62
102 62
103 62
104 62
105 62
105 63
104 63
103 63
102 63
101 63
101 64
102 64
103 64
104 64
105 64
106 64
106 63
107 63
107 64
108 64
108 63
109 63
110 63
111 63
112 63
112 62
113 62
114 62
114 61
115 61
115 60
114 60
114 59
115 59
116 59
117 59
118 59
118 60
117 60
116 60
116 61
117 61
117 62
118 62
119 62
120 62
120 61
119 61
119 60
120 60
120 59
119 59
119 58
120 58
121 58
121 59
121 60
122 60
122 59
122 58
123 58
123 57
123 56
124 56
124 57
125 57
125 56
125 55
126 55
127 55
127 56
126 56
126 57
127 57
128 57
128 58
127 58
126 58
125 58
124 58
124 59
123 59
123 60
124 60
125 60
126 60
126 59
127 59
127 60
127 61
126 61
125 61
124 61
124 62
125 62
126 62
127 62
128 62
128 61
128 60
129 60
130 60
131 60
131 59
132 59
132 60
132 61
131 61
130 61
129 61
129 62
130 62
131 62
131 63
130 63
130 64
130 65
129 65
129 64
129 63
128 63
128 64
127 64
127 63
126 63
126 64
125 64
125 63
124 63
123 63
123 62
123 61
122 61
121 61
121 62
122 62
122 63
121 63
121 64
122 64
123 64
124 64
124 65
124 66
123 66
123 65
122 65
121 65
120 65
120 64
120 63
119 63
118 63
118 64
117 64
117 63
116 63
116 62
115 62
115 63
114 63
113 63
113 64
114 64
115 64
116 64
116 65
115 65
114 65
113 65
113 66
114 66
115 66
116 66
116 67
115 67
115 68
114 68
114 67
113 67
112 67
112 66
112 65
112 64
111 64
111 65
110 65
110 64
109 64
109 65
108 65
107 65
106 65
105 65
104 65
103 65
103 66
104 66
105 66
106 66
107 66
108 66
109 66
110 66
111 66
111 67
110 67
109 67
108 67
107 67
106 67
105 67
104 67
103 67
102 67
102 66
102 65
101 65
101 66
101 67
100 67
100 66
100 65
100 64
100 63
99 63
98 63
98 62
99 62
99 61
98 61
98 60
97 60
96 60
96 59
95 59
94 59
94 58
94 57
93 57
93 58
93 59
92 59
92 58
92 57
91 57
91 58
91 59
90 59
90 58
89 58
89 59
88 59
88 58
88 57
87 57
86 57
85 57
85 58
86 58
87 58
87 59
86 59
85 59
85 60
86 60
87 60
88 60
89 60
90 60
91 60
92 60
92 61
91 61
91 62
92 62
93 62
94 62
94 61
93 61
93 60
94 60
95 60
95 61
96 61
97 61
97 62
97 63
96 63
96 62
95 62
95 63
94 63
94 64
94 65
95 65
95 64
96 64
97 64
98 64
99 64
99 65
98 65
97 65
97 66
98 66
99 66
99 67
98 67
97 67
96 67
96 66
95 66
94 66
93 66
93 65
93 64
92 64
92 63
91 63
91 64
90 64
90 63
90 62
90 61
89 61
89 62
88 62
88 61
87 61
87 62
86 62
86 61
85 61
85 62
84 62
84 61
84 60
83 60
83 61
82 61
82 60
81 60
81 61
80 61
79 61
79 62
80 62
81 62
82 62
83 62
83 63
84 63
85 63
86 63
86 64
86 65
87 65
87 64
87 63
88 63
89 63
89 64
89 65
88 65
88 66
89 66
90 66
90 65
91 65
92 65
92 66
91 66
91 67
90 67
89 67
88 67
87 67
86 67
86 66
85 66
85 67
84 67
84 66
84 65
85 65
85 64
84 64
83 64
82 64
82 65
83 65
83 66
82 66
81 66
81 65
81 64
81 63
80 63
79 63
78 63
77 63
77 64
78 64
79 64
80 64
80 65
80 66
79 66
78 66
78 65
77 65
77 66
76 66
76 67
77 67
77 68
78 68
78 67
79 67
80 67
81 67
82 67
83 67
83 68
82 68
81 68
80 68
80 69
81 69
81 70
81 71
82 71
82 70
82 69
83 69
83 70
83 71
83 72
82 72
81 72
81 73
82 73
83 73
84 73
84 72
84 71
84 70
84 69
84 68
85 68
85 69
85 70
85 71
85 72
86 72
86 71
86 70
86 69
86 68
87 68
87 69
88 69
88 68
89 68
89 69
90 69
90 68
91 68
92 68
92 67
93 67
93 68
93 69
92 69
92 70
91 70
90 70
89 70
88 70
87 70
87 71
88 71
88 72
87 72
87 73
86 73
85 73
85 74
86 74
87 74
87 75
88 75
88 74
88 73
89 73
89 72
89 71
90 71
90 72
91 72
91 71
92 71
92 72
92 73
93 73
94 73
94 72
93 72
93 71
93 70
94 70
94 71
95 71
95 70
95 69
94 69
94 68
94 67
95 67
95 68
96 68
96 69
96 70
97 70
97 69
97 68
98 68
98 69
99 69
99 68
100 68
100 69
101 69
101 68
102 68
102 69
102 70
101 70
100 70
99 70
98 70
98 71
99 71
100 71
101 71
102 71
103 71
103 70
104 70
104 69
103 69
103 68
104 68
105 68
106 68
107 68
108 68
109 68
110 68
111 68
112 68
113 68
113 69
112 69
112 70
111 70
111 69
110 69
110 70
109 70
109 69
108 69
108 70
107 70
107 69
106 69
105 69
105 70
105 71
106 71
107 71
108 71
108 72
107 72
106 72
105 72
104 72
104 73
105 73
106 73
106 74
105 74
105 75
104 75
103 75
103 74
102 74
102 73
103 73
103 72
102 72
101 72
101 73
101 74
100 74
100 73
100 72
99 72
99 73
98 73
98 72
97 72
97 71
96 71
96 72
95 72
95 73
96 73
97 73
97 74
98 74
99 74
99 75
98 75
97 75
97 76
98 76
99 76
100 76
100 75
101 75
102 75
102 76
103 76
104 76
105 76
106 76
106 75
107 75
107 76
108 76
108 75
108 74
107 74
107 73
108 73
109 73
109 74
110 74
110 73
110 72
109 72
109 71
110 71
111 71
111 72
112 72
112 71
113 71
114 71
114 70
114 69
115 69
115 70
116 70
116 69
116 68
117 68
117 67
117 66
117 65
118 65
119 65
119 66
118 66
118 67
119 67
120 67
120 66
121 66
122 66
122 67
121 67
121 68
122 68
123 68
123 67
124 67
124 68
125 68
125 67
125 66
125 65
126 65
126 66
127 66
127 65
128 65
128 66
128 67
127 67
126 67
126 68
127 68
127 69
128 69
128 68
129 68
129 69
129 70
130 70
130 69
131 69
131 68
131 67
130 67
129 67
129 66
130 66
131 66
131 65
132 65
133 65
133 66
132 66
132 67
132 68
133 68
133 67
134 67
135 67
135 68
134 68
134 69
135 69
136 69
137 69
137 70
136 70
135 70
134 70
133 70
133 69
132 69
132 70
131 70
131 71
130 71
130 72
131 72
132 72
133 72
133 71
134 71
135 71
136 71
137 71
138 71
138 72
137 72
136 72
136 73
137 73
137 74
136 74
136 75
137 75
137 76
136 76
136 77
135 77
135 76
135 75
135 74
135 73
135 72
134 72
134 73
134 74
134 75
133 75
133 74
133 73
132 73
131 73
130 73
130 74
131 74
132 74
132 75
131 75
131 76
130 76
130 75
129 75
129 76
129 77
128 77
128 76
127 76
126 76
125 76
125 75
126 75
127 75
128 75
128 74
129 74
129 73
128 73
128 72
129 72
129 71
128 71
128 70
127 70
127 71
127 72
127 73
127 74
126 74
125 74
125 73
126 73
126 72
125 72
125 71
126 71
126 70
126 69
125 69
125 70
124 70
124 69
123 69
123 70
122 70
122 69
121 69
121 70
120 70
120 69
120 68
119 68
118 68
118 69
117 69
117 70
118 70
119 70
119 71
118 71
117 71
116 71
115 71
115 72
114 72
113 72
113 73
112 73
111 73
111 74
112 74
113 74
113 75
112 75
111 75
110 75
109 75
109 76
110 76
111 76
112 76
113 76
114 76
114 75
115 75
115 76
116 76
116 75
116 74
115 74
114 74
114 73
115 73
116 73
116 72
117 72
117 73
118 73
118 72
119 72
119 73
120 73
120 72
120 71
121 71
121 72
122 72
122 71
123 71
123 72
124 72
124 73
124 74
124 75
123 75
123 74
123 73
122 73
121 73
121 74
120 74
119 74
118 74
117 74
117 75
118 75
119 75
120 75
121 75
122 75
122 76
121 76
120 76
120 77
119 77
119 76
118 76
117 76
117 77
116 77
116 78
115 78
115 77
114 77
113 77
112 77
111 77
110 77
109 77
109 78
110 78
111 78
112 78
113 78
114 78
114 79
114 80
115 80
115 79
116 79
116 80
117 80
117 79
117 78
118 78
118 79
118 80
119 80
119 79
119 78
120 78
120 79
121 79
121 78
121 77
122 77
122 78
122 79
123 79
123 80
122 80
121 80
120 80
120 81
120 82
119 82
119 81
118 81
118 82
117 82
117 81
116 81
115 81
115 82
114 82
114 81
113 81
113 80
113 79
112 79
112 80
111 80
111 79
110 79
109 79
108 79
108 78
108 77
107 77
106 77
105 77
104 77
103 77
102 77
101 77
100 77
99 77
98 77
97 77
96 77
96 76
95 76
95 75
96 75
96 74
95 74
94 74
94 75
94 76
93 76
93 75
93 74
92 74
92 75
91 75
91 74
91 73
90 73
90 74
89 74
89 75
90 75
90 76
89 76
88 76
88 77
87 77
87 76
86 76
86 75
85 75
85 76
84 76
84 77
84 78
83 78
83 77
82 77
82 76
81 76
81 77
80 77
80 78
80 79
81 79
81 78
82 78
82 79
83 79
83 80
84 80
84 79
85 79
85 78
85 77
86 77
86 78
87 78
87 79
88 79
88 78
89 78
89 77
90 77
91 77
91 76
92 76
92 77
93 77
93 78
92 78
91 78
90 78
90 79
89 79
89 80
90 80
90 81
91 81
92 81
92 80
91 80
91 79
92 79
93 79
93 80
94 80
94 79
94 78
94 77
95 77
95 78
95 79
95 80
96 80
96 79
96 78
97 78
98 78
99 78
100 78
101 78
102 78
103 78
104 78
105 78
106 78
107 78
107 79
106 79
105 79
104 79
104 80
105 80
106 80
107 80
108 80
109 80
109 81
110 81
111 81
112 81
112 82
111 82
110 82
109 82
108 82
108 81
107 81
107 82
106 82
106 81
105 81
104 81
103 81
103 80
103 79
102 79
102 80
102 81
101 81
101 80
101 79
100 79
99 79
98 79
97 79
97 80
98 80
99 80
100 80
100 81
99 81
99 82
100 82
100 83
99 83
98 83
98 82
98 81
97 81
96 81
95 81
94 81
94 82
93 82
92 82
91 82
91 83
92 83
93 83
94 83
95 83
95 82
96 82
97 82
97 83
96 83
96 84
97 84
98 84
99 84
100 84
101 84
101 83
101 82
102 82
103 82
104 82
105 82
105 83
106 83
107 83
108 83
109 83
110 83
111 83
112 83
112 84
111 84
110 84
109 84
108 84
107 84
106 84
105 84
104 84
104 83
103 83
103 84
102 84
102 85
101 85
100 85
99 85
98 85
97 85
96 85
95 85
95 84
94 84
94 85
94 86
95 86
96 86
96 87
97 87
97 86
98 86
99 86
100 86
100 87
101 87
101 86
102 86
102 87
103 87
103 86
103 85
104 85
105 85
106 85
107 85
108 85
109 85
110 85
110 86
109 86
108 86
107 86
106 86
105 86
104 86
104 87
105 87
105 88
106 88
106 87
107 87
107 88
108 88
108 87
109 87
110 87
111 87
111 86
111 85
112 85
112 86
113 86
113 85
114 85
114 84
113 84
113 83
114 83
115 83
116 83
116 84
115 84
115 85
116 85
117 85
117 84
118 84
118 83
119 83
119 84
120 84
120 83
121 83
121 82
121 81
122 81
122 82
122 83
123 83
123 82
124 82
124 81
124 80
125 80
125 79
124 79
124 78
123 78
123 77
123 76
124 76
124 77
125 77
125 78
126 78
126 77
127 77
127 78
128 78
129 78
130 78
130 77
131 77
131 78
132 78
132 79
133 79
134 79
134 80
133 80
132 80
132 81
133 81
134 81
134 82
135 82
135 81
136 81
136 82
137 82
137 83
136 83
136 84
136 85
135 85
135 84
135 83
134 83
134 84
134 85
133 85
133 84
133 83
133 82
132 82
132 83
132 84
132 85
131 85
131 84
131 83
131 82
131 81
131 80
131 79
130 79
129 79
129 80
130 80
130 81
129 81
129 82
128 82
128 81
128 80
128 79
127 79
126 79
126 80
127 80
127 81
126 81
125 81
125 82
126 82
127 82
127 83
126 83
125 83
124 83
124 84
123 84
122 84
121 84
121 85
120 85
119 85
118 85
118 86
119 86
120 86
121 86
121 87
120 87
119 87
118 87
117 87
117 86
116 86
116 87
115 87
115 86
114 86
114 87
113 87
112 87
112 88
111 88
110 88
109 88
109 89
108 89
107 89
106 89
105 89
104 89
104 88
103 88
103 89
102 89
102 88
101 88
100 88
99 88
99 87
98 87
98 88
97 88
97 89
96 89
96 88
95 88
95 87
94 87
94 88
94 89
95 89
95 90
96 90
97 90
98 90
98 89
99 89
99 90
100 90
100 89
101 89
101 90
102 90
103 90
104 90
105 90
106 90
107 90
108 90
109 90
110 90
110 89
111 89
111 90
112 90
112 89
113 89
113 90
114 90
114 89
114 88
115 88
115 89
115 90
116 90
116 89
116 88
117 88
117 89
117 90
118 90
118 89
118 88
119 88
120 88
121 88
121 89
120 89
119 89
119 90
120 90
121 90
121 91
120 91
120 92
119 92
119 91
118 91
117 91
116 91
115 91
114 91
114 92
115 92
116 92
117 92
118 92
118 93
117 93
116 93
115 93
115 94
114 94
114 93
113 93
112 93
112 92
113 92
113 91
112 91
111 91
111 92
111 93
110 93
110 92
110 91
109 91
109 92
109 93
108 93
108 92
108 91
107 91
106 91
105 91
104 91
104 92
105 92
106 92
107 92
107 93
106 93
105 93
105 94
104 94
104 93
103 93
103 92
103 91
102 91
101 91
100 91
99 91
99 92
100 92
101 92
102 92
102 93
101 93
101 94
102 94
103 94
103 95
104 95
105 95
106 95
106 96
105 96
105 97
104 97
104 96
103 96
103 97
102 97
102 96
102 95
101 95
101 96
101 97
101 98
100 98
100 97
99 97
99 96
100 96
100 95
100 94
100 93
99 93
99 94
99 95
98 95
98 94
97 94
97 93
98 93
98 92
98 91
97 91
97 92
96 92
95 92
95 91
94 91
94 92
94 93
95 93
96 93
96 94
95 94
95 95
94 95
94 94
93 94
93 93
92 93
92 94
92 95
93 95
93 96
94 96
95 96
96 96
96 95
97 95
97 96
98 96
98 97
98 98
99 98
99 99
98 99
98 100
99 100
99 101
99 102
100 102
100 101
100 100
100 99
101 99
101 100
102 100
102 99
102 98
103 98
104 98
105 98
106 98
107 98
107 97
107 96
107 95
107 94
108 94
109 94
109 95
108 95
108 96
108 97
109 97
109 96
110 96
110 95
110 94
111 94
111 95
111 96
112 96
112 95
112 94
113 94
113 95
113 96
114 96
114 95
115 95
115 96
116 96
117 96
117 95
116 95
116 94
117 94
118 94
119 94
119 93
120 93
120 94
121 94
122 94
122 93
121 93
121 92
122 92
122 91
122 90
122 89
122 88
122 87
122 86
122 85
123 85
123 86
123 87
123 88
123 89
124 89
125 89
125 88
125 87
124 87
124 86
124 85
125 85
125 86
126 86
127 86
127 85
126 85
126 84
127 84
128 84
128 83
129 83
130 83
130 84
129 84
129 85
128 85
128 86
129 86
130 86
130 87
129 87
128 87
127 87
126 87
126 88
127 88
128 88
128 89
129 89
129 88
130 88
130 89
131 89
131 90
130 90
129 90
128 90
127 90
127 89
126 89
126 90
125 90
124 90
123 90
123 91
123 92
124 92
125 92
125 91
126 91
126 92
127 92
128 92
128 91
129 91
129 92
130 92
130 91
131 91
131 92
132 92
132 91
132 90
133 90
133 91
133 92
134 92
135 92
135 93
134 93
134 94
133 94
133 93
132 93
131 93
131 94
132 94
132 95
131 95
130 95
130 94
130 93
129 93
129 94
128 94
128 93
127 93
127 94
126 94
126 93
125 93
125 94
124 94
124 93
123 93
123 94
123 95
122 95
121 95
120 95
119 95
118 95
118 96
119 96
120 96
120 97
121 97
121 96
122 96
122 97
123 97
123 96
124 96
124 95
125 95
126 95
127 95
128 95
129 95
129 96
130 96
131 96
132 96
133 96
133 97
133 98
132 98
132 97
131 97
131 98
130 98
130 97
129 97
128 97
128 96
127 96
127 97
126 97
126 96
125 96
125 97
124 97
124 98
123 98
122 98
122 99
123 99
124 99
125 99
125 98
126 98
127 98
128 98
128 99
129 99
130 99
130 100
129 100
128 100
128 101
129 101
129 102
128 102
127 102
127 101
127 100
127 99
126 99
126 100
125 100
125 101
125 102
126 102
126 103
125 103
124 103
124 102
124 101
124 100
123 100
122 100
122 101
123 101
123 102
122 102
121 102
121 101
121 100
121 99
121 98
120 98
120 99
119 99
119 98
119 97
118 97
117 97
116 97
115 97
114 97
113 97
112 97
112 98
113 98
114 98
115 98
116 98
117 98
118 98
118 99
117 99
116 99
115 99
114 99
114 100
115 100
116 100
117 100
118 100
119 100
120 100
120 101
120 102
120 103
119 103
119 102
119 101
118 101
118 102
117 102
117 101
116 101
116 102
116 103
117 103
118 103
118 104
119 104
120 104
121 104
121 103
122 103
122 104
123 104
124 104
125 104
126 104
127 104
127 103
128 103
128 104
129 104
129 105
128 105
127 105
126 105
125 105
124 105
123 105
123 106
124 106
124 107
125 107
125 106
126 106
127 106
128 106
128 107
127 107
126 107
126 108
125 108
125 109
124 109
124 108
123 108
123 107
122 107
122 108
121 108
121 107
121 106
122 106
122 105
121 105
120 105
120 106
119 106
119 105
118 105
117 105
117 104
116 104
115 104
115 103
115 102
115 101
114 101
114 102
113 102
113 101
112 101
112 100
113 100
113 99
112 99
111 99
111 98
111 97
110 97
110 98
109 98
108 98
108 99
107 99
106 99
105 99
104 99
103 99
103 100
104 100
105 100
106 100
107 100
107 101
108 101
108 100
109 100
109 99
110 99
110 100
111 100
111 101
110 101
109 101
109 102
108 102
107 102
106 102
106 101
105 101
104 101
103 101
102 101
101 101
101 102
102 102
103 102
104 102
105 102
105 103
104 103
103 103
102 103
102 104
103 104
104 104
105 104
106 104
106 103
107 103
108 103
109 103
110 103
110 102
111 102
111 103
112 103
113 103
114 103
114 104
113 104
112 104
111 104
111 105
112 105
113 105
114 105
115 105
116 105
116 106
117 106
118 106
118 107
119 107
120 107
120 108
119 108
118 108
117 108
117 107
116 107
116 108
116 109
117 109
117 110
118 110
119 110
119 109
120 109
120 110
121 110
121 109
122 109
123 109
123 110
122 110
122 111
121 111
120 111
119 111
118 111
117 111
117 112
118 112
119 112
120 112
121 112
121 113
122 113
122 112
123 112
123 113
124 113
124 114
123 114
123 115
124 115
124 116
123 116
123 117
122 117
122 116
122 115
122 114
121 114
120 114
120 113
119 113
119 114
119 115
120 115
121 115
121 116
120 116
120 117
119 117
119 116
118 116
118 115
118 114
118 113
117 113
117 114
117 115
117 116
117 117
116 117
116 116
116 115
116 114
115 114
115 113
116 113
116 112
116 111
116 110
115 110
115 109
115 108
115 107
115 106
114 106
113 106
113 107
114 107
114 108
114 109
114 110
114 111
115 111
115 112
114 112
114 113
114 114
113 114
113 113
113 112
113 111
113 110
112 110
112 109
113 109
113 108
112 108
112 107
112 106
111 106
111 107
110 107
110 106
110 105
110 104
109 104
109 105
108 105
108 104
107 104
107 105
106 105
106 106
107 106
108 106
109 106
109 107
109 108
110 108
111 108
111 109
110 109
109 109
109 110
108 110
108 109
108 108
108 107
107 107
106 107
106 108
105 108
105 107
105 106
105 105
104 105
103 105
103 106
104 106
104 107
103 107
102 107
102 108
103 108
104 108
104 109
103 109
102 109
102 110
103 110
104 110
105 110
105 109
106 109
107 109
107 110
106 110
106 111
105 111
104 111
104 112
105 112
106 112
107 112
107 111
108 111
109 111
110 111
110 110
111 110
111 111
112 111
112 112
111 112
110 112
109 112
108 112
108 113
109 113
110 113
111 113
112 113
112 114
111 114
111 115
112 115
113 115
114 115
115 115
115 116
114 116
114 117
114 118
115 118
116 118
116 119
117 119
118 119
118 120
117 120
116 120
116 121
115 121
115 120
115 119
114 119
114 120
114 121
113 121
113 120
113 119
113 118
113 117
113 116
112 116
111 116
111 117
112 117
112 118
111 118
111 119
112 119
112 120
111 120
111 121
111 122
112 122
113 122
113 123
112 123
111 123
110 123
110 122
110 121
110 120
110 119
110 118
110 117
110 116
110 115
110 114
109 114
108 114
108 115
109 115
109 116
108 116
108 117
107 117
107 116
107 115
107 114
107 113
106 113
105 113
105 114
105 115
106 115
106 116
106 117
106 118
107 118
108 118
109 118
109 119
108 119
107 119
106 119
106 120
107 120
108 120
109 120
109 121
109 122
109 123
109 124
110 124
111 124
111 125
112 125
112 126
111 126
110 126
110 125
109 125
108 125
108 124
108 123
108 122
108 121
107 121
106 121
106 122
107 122
107 123
106 123
106 124
107 124
107 125
106 125
106 126
107 126
108 126
108 127
107 127
106 127
106 128
107 128
108 128
109 128
109 127
110 127
110 128
110 129
109 129
108 129
108 130
108 131
107 131
107 130
107 129
106 129
106 130
106 131
105 131
105 130
105 129
104 129
104 128
105 128
105 127
104 127
104 126
105 126
105 125
105 124
105 123
105 122
104 122
104 121
105 121
105 120
105 119
105 118
104 118
104 117
105 117
105 116
104 116
104 115
104 114
104 113
103 113
103 112
103 111
102 111
102 112
101 112
101 113
101 114
102 114
102 115
103 115
103 116
102 116
102 117
102 118
103 118
103 119
104 119
104 120
103 120
103 121
103 122
102 122
102 121
102 120
102 119
101 119
101 120
101 121
100 121
100 120
100 119
100 118
101 118
101 117
100 117
100 116
101 116
101 115
100 115
100 114
100 113
99 113
99 114
99 115
99 116
98 116
98 117
97 117
97 118
96 118
96 117
95 117
95 118
95 119
96 119
97 119
98 119
98 118
99 118
99 119
99 120
99 121
99 122
100 122
101 122
101 123
102 123
102 124
103 124
103 123
104 123
104 124
104 125
103 125
103 126
103 127
103 128
102 128
102 127
101 127
101 126
102 126
102 125
101 125
101 124
100 124
100 123
99 123
99 124
99 125
99 126
100 126
100 127
99 127
99 128
100 128
100 129
99 129
99 130
100 130
100 131
99 131
99 132
100 132
101 132
102 132
102 131
103 131
103 132
103 133
102 133
101 133
101 134
100 134
100 133
99 133
99 134
98 134
98 133
97 133
97 132
98 132
98 131
97 131
97 130
98 130
98 129
97 129
97 128
98 128
98 127
98 126
98 125
98 124
97 124
97 123
98 123
98 122
98 121
98 120
97 120
96 120
96 121
97 121
97 122
96 122
96 123
96 124
95 124
95 123
95 122
95 121
95 120
94 120
94 121
94 122
93 122
93 123
93 124
94 124
94 125
94 126
95 126
95 125
96 125
96 126
97 126
97 127
96 127
96 128
95 128
95 127
94 127
94 128
94 129
95 129
96 129
96 130
96 131
95 131
95 130
94 130
93 130
93 129
93 128
93 127
92 127
92 126
93 126
93 125
92 125
91 125
91 124
92 124
92 123
92 122
92 121
93 121
93 120
92 120
92 119
93 119
94 119
94 118
94 117
94 116
94 115
95 115
95 116
96 116
97 116
97 115
98 115
98 114
97 114
96 114
95 114
94 114
94 113
95 113
96 113
97 113
98 113
98 112
97 112
96 112
96 111
97 111
98 111
99 111
99 112
100 112
100 111
101 111
101 110
100 110
99 110
99 109
100 109
101 109
101 108
100 108
99 108
98 108
98 107
98 106
99 106
99 107
100 107
101 107
101 106
102 106
102 105
101 105
100 105
100 104
101 104
101 103
100 103
99 103
99 104
99 105
98 105
98 104
98 103
98 102
97 102
97 101
97 100
96 100
96 101
96 102
96 103
97 103
97 104
97 105
97 106
97 107
97 108
97 109
98 109
98 110
97 110
96 110
95 110
95 111
95 112
94 112
94 111
94 110
94 109
95 109
96 109
96 108
96 107
96 106
96 105
96 104
95 104
95 105
94 105
94 106
95 106
95 107
95 108
94 108
94 107
93 107
93 106
93 105
93 104
93 103
94 103
95 103
95 102
95 101
95 100
95 99
96 99
97 99
97 98
96 98
96 97
95 97
95 98
94 98
94 99
93 99
93 100
94 100
94 101
94 102
93 102
93 101
92 101
92 102
92 103
92 104
92 105
92 106
92 107
92 108
93 108
93 109
92 109
92 110
92 111
93 111
93 112
92 112
92 113
92 114
93 114
93 115
93 116
93 117
93 118
92 118
92 117
92 116
92 115
91 115
91 116
91 117
91 118
91 119
91 120
91 121
91 122
91 123
90 123
90 122
90 121
90 120
90 119
90 118
90 117
90 116
90 115
90 114
91 114
91 113
91 112
90 112
90 111
91 111
91 110
90 110
90 109
91 109
91 108
90 108
89 108
89 107
89 106
90 106
90 107
91 107
91 106
91 105
90 105
90 104
91 104
91 103
91 102
90 102
90 103
89 103
89 104
89 105
88 105
88 104
88 103
88 102
88 101
89 101
90 101
91 101
91 100
90 100
90 99
91 99
92 99
92 98
93 98
93 97
92 97
92 96
91 96
91 97
91 98
90 98
90 97
89 97
88 97
88 96
88 95
89 95
89 96
90 96
90 95
91 95
91 94
90 94
90 93
90 92
89 92
89 93
89 94
88 94
88 93
88 92
88 91
89 91
90 91
91 91
91 92
92 92
92 91
93 91
93 90
92 90
92 89
93 89
93 88
92 88
92 87
93 87
93 86
93 85
93 84
92 84
92 85
92 86
91 86
91 85
91 84
90 84
90 83
89 83
89 84
89 85
90 85
90 86
89 86
89 87
89 88
89 89
90 89
90 88
90 87
91 87
91 88
91 89
91 90
90 90
89 90
88 90
88 89
87 89
87 88
88 88
88 87
87 87
87 86
87 85
88 85
88 84
88 83
88 82
89 82
89 81
88 81
88 80
87 80
86 80
85 80
85 81
86 81
87 81
87 82
86 82
85 82
84 82
84 83
85 83
86 83
87 83
87 84
86 84
86 85
86 86
85 86
85 85
85 84
84 84
84 85
84 86
83 86
82 86
81 86
81 85
82 85
83 85
83 84
82 84
81 84
81 83
82 83
83 83
83 82
83 81
82 81
82 82
81 82
81 81
81 80
80 80
80 81
80 82
79 82
79 81
79 80
79 79
79 78
79 77
78 77
78 78
78 79
78 80
77 80
77 81
78 81
78 82
78 83
79 83
80 83
80 84
79 84
79 85
80 85
80 86
79 86
78 86
78 85
77 85
77 86
77 87
78 87
79 87
79 88
80 88
80 87
81 87
82 87
83 87
84 87
85 87
86 87
86 88
86 89
85 89
85 88
84 88
84 89
84 90
85 90
86 90
87 90
87 91
86 91
85 91
85 92
86 92
87 92
87 93
87 94
87 95
86 95
86 94
86 93
85 93
85 94
84 94
84 95
85 95
85 96
86 96
87 96
87 97
86 97
85 97
85 98
86 98
87 98
88 98
89 98
89 99
89 100
88 100
88 99
87 99
87 100
86 100
86 99
85 99
85 100
85 101
85 102
86 102
86 101
87 101
87 102
87 103
86 103
86 104
87 104
87 105
87 106
88 106
88 107
87 107
87 108
88 108
88 109
87 109
86 109
86 108
86 107
86 106
86 105
85 105
85 104
85 103
84 103
84 104
84 105
83 105
83 106
83 107
84 107
84 106
85 106
85 107
85 108
84 108
83 108
83 109
83 110
84 110
84 109
85 109
85 110
86 110
87 110
88 110
89 110
89 111
88 111
88 112
89 112
89 113
89 114
89 115
88 115
88 114
88 113
87 113
87 112
87 111
86 111
85 111
84 111
84 112
85 112
86 112
86 113
85 113
84 113
83 113
83 114
84 114
85 114
86 114
87 114
87 115
86 115
86 116
87 116
88 116
89 116
89 117
88 117
87 117
86 117
86 118
87 118
88 118
89 118
89 119
88 119
88 120
88 121
89 121
89 122
88 122
88 123
89 123
89 124
90 124
90 125
89 125
88 125
88 124
87 124
87 123
87 122
87 121
87 120
87 119
86 119
86 120
86 121
85 121
85 120
85 119
85 118
85 117
85 116
85 115
84 115
83 115
83 116
84 116
84 117
84 118
83 118
83 117
82 117
82 116
82 115
82 114
82 113
81 113
81 114
81 115
81 116
81 117
81 118
82 118
82 119
83 119
84 119
84 120
83 120
82 120
82 121
83 121
84 121
84 122
85 122
86 122
86 123
85 123
85 124
86 124
86 125
85 125
85 126
85 127
86 127
86 128
87 128
87 127
87 126
88 126
88 127
88 128
89 128
89 127
89 126
90 126
90 127
91 127
91 128
90 128
90 129
89 129
89 130
90 130
91 130
91 129
92 129
92 130
92 131
93 131
93 132
94 132
95 132
96 132
96 133
96 134
95 134
95 133
94 133
93 133
92 133
92 132
91 132
91 131
90 131
90 132
89 132
89 131
88 131
87 131
87 130
88 130
88 129
87 129
86 129
86 130
85 130
85 129
85 128
84 128
84 129
84 130
84 131
85 131
86 131
86 132
87 132
88 132
88 133
89 133
89 134
90 134
90 133
91 133
91 134
92 134
92 135
93 135
93 134
94 134
94 135
95 135
96 135
97 135
97 136
96 136
96 137
97 137
97 138
96 138
96 139
95 139
95 138
95 137
95 136
94 136
93 136
92 136
92 137
92 138
93 138
93 139
92 139
91 139
91 138
91 137
91 136
91 135
90 135
89 135
89 136
90 136
90 137
90 138
90 139
89 139
89 138
89 137
88 137
88 136
87 136
87 135
88 135
88 134
87 134
87 133
86 133
86 134
86 135
86 136
86 137
87 137
87 138
88 138
88 139
87 139
86 139
86 138
85 138
85 139
84 139
84 138
84 137
85 137
85 136
84 136
84 135
85 135
85 134
84 134
84 133
85 133
85 132
84 132
83 132
83 133
82 133
82 134
83 134
83 135
82 135
82 136
83 136
83 137
82 137
82 138
83 138
83 139
82 139
81 139
81 138
80 138
80 139
79 139
79 138
78 138
78 139
77 139
77 138
77 137
78 137
79 137
80 137
81 137
81 136
81 135
80 135
80 136
79 136
78 136
77 136
76 136
76 135
77 135
78 135
79 135
79 134
80 134
81 134
81 133
80 133
79 133
79 132
80 132
81 132
82 132
82 131
83 131
83 130
83 129
83 128
83 127
84 127
84 126
84 125
84 124
84 123
83 123
83 122
82 122
82 123
82 124
83 124
83 125
83 126
82 126
82 125
81 125
81 126
81 127
82 127
82 128
82 129
82 130
81 130
81 131
80 131
79 131
78 131
78 130
79 130
80 130
80 129
81 129
81 128
80 128
80 127
80 126
80 125
79 125
79 126
79 127
79 128
79 129
78 129
78 128
77 128
77 129
77 130
77 131
77 132
78 132
78 133
78 134
77 134
77 133
76 133
76 134
75 134
75 133
74 133
74 134
73 134
72 134
72 133
73 133
73 132
74 132
74 131
75 131
75 132
76 132
76 131
76 130
76 129
76 128
76 127
77 127
78 127
78 126
77 126
76 126
75 126
75 125
76 125
77 125
78 125
78 124
79 124
80 124
81 124
81 123
81 122
81 121
81 120
81 119
80 119
80 120
80 121
80 122
80 123
79 123
79 122
78 122
78 123
77 123
77 124
76 124
76 123
75 123
75 124
74 124
74 123
74 122
75 122
76 122
77 122
77 121
76 121
75 121
75 120
76 120
77 120
78 120
78 121
79 121
79 120
79 119
78 119
77 119
76 119
75 119
74 119
74 120
74 121
73 121
73 122
73 123
73 124
73 125
74 125
74 126
74 127
74 128
75 128
75 129
75 130
74 130
74 129
73 129
73 128
72 128
71 128
71 129
72 129
72 130
72 131
71 131
71 130
70 130
70 129
69 129
69 130
68 130
68 129
68 128
68 127
69 127
69 128
70 128
70 127
71 127
72 127
73 127
73 126
72 126
71 126
70 126
70 125
71 125
72 125
72 124
71 124
70 124
70 123
71 123
72 123
72 122
72 121
71 121
71 120
72 120
73 120
73 119
72 119
71 119
70 119
70 118
71 118
72 118
73 118
74 118
75 118
75 117
75 116
76 116
76 117
76 118
77 118
78 118
78 117
79 117
79 118
80 118
80 117
80 116
79 116
78 116
77 116
77 115
78 115
79 115
80 115
80 114
80 113
80 112
81 112
82 112
83 112
83 111
82 111
82 110
82 109
81 109
81 110
81 111
80 111
80 110
80 109
79 109
79 110
79 111
79 112
79 113
79 114
78 114
77 114
77 113
78 113
78 112
77 112
76 112
76 113
76 114
76 115
75 115
75 114
75 113
74 113
73 113
73 112
74 112
75 112
75 111
76 111
77 111
78 111
78 110
77 110
76 110
76 109
77 109
78 109
78 108
79 108
80 108
81 108
82 108
82 107
81 107
80 107
80 106
81 106
82 106
82 105
81 105
81 104
82 104
83 104
83 103
82 103
82 102
83 102
84 102
84 101
83 101
82 101
81 101
81 100
82 100
83 100
84 100
84 99
83 99
83 98
82 98
82 99
81 99
81 98
81 97
82 97
83 97
84 97
84 96
83 96
83 95
82 95
82 96
81 96
81 95
81 94
82 94
83 94
83 93
84 93
84 92
83 92
83 91
83 90
83 89
83 88
82 88
81 88
81 89
82 89
82 90
82 91
82 92
82 93
81 93
81 92
80 92
80 91
81 91
81 90
80 90
80 89
79 89
79 90
78 90
78 89
78 88
77 88
77 89
76 89
75 89
75 90
76 90
77 90
77 91
78 91
79 91
79 92
78 92
78 93
79 93
80 93
80 94
80 95
80 96
80 97
79 97
79 96
79 95
79 94
78 94
78 95
77 95
76 95
76 94
77 94
77 93
77 92
76 92
76 93
75 93
75 94
75 95
75 96
76 96
77 96
78 96
78 97
77 97
76 97
75 97
75 98
75 99
76 99
76 98
77 98
78 98
79 98
80 98
80 99
79 99
79 100
80 100
80 101
80 102
81 102
81 103
80 103
80 104
80 105
79 105
79 104
79 103
79 102
79 101
78 101
78 100
78 99
77 99
77 100
77 101
76 101
76 100
75 100
75 101
75 102
76 102
77 102
78 102
78 103
77 103
77 104
78 104
78 105
78 106
79 106
79 107
78 107
77 107
76 107
76 108
75 108
74 108
74 107
75 107
75 106
76 106
77 106
77 105
76 105
76 104
76 103
75 103
75 104
75 105
74 105
74 104
74 103
73 103
73 102
74 102
74 101
73 101
73 100
74 100
74 99
74 98
73 98
73 99
72 99
72 100
72 101
72 102
72 103
72 104
73 104
73 105
72 105
72 106
73 106
73 107
72 107
72 108
71 108
71 107
71 106
71 105
70 105
70 104
70 103
71 103
71 102
70 102
69 102
69 103
69 104
69 105
69 106
68 106
68 105
68 104
68 103
68 102
68 101
69 101
70 101
70 100
71 100
71 99
70 99
70 98
70 97
71 97
71 98
72 98
72 97
73 97
74 97
74 96
73 96
72 96
72 95
73 95
74 95
74 94
74 93
74 92
75 92
75 91
74 91
73 91
73 92
73 93
73 94
72 94
71 94
71 93
70 93
70 92
71 92
72 92
72 91
71 91
71 90
72 90
73 90
74 90
74 89
73 89
72 89
71 89
70 89
70 88
71 88
72 88
73 88
74 88
75 88
76 88
76 87
76 86
76 85
75 85
75 86
75 87
74 87
74 86
74 85
74 84
75 84
76 84
77 84
77 83
77 82
76 82
76 83
75 83
74 83
74 82
73 82
73 83
73 84
73 85
73 86
73 87
72 87
72 86
72 85
72 84
71 84
71 85
71 86
71 87
70 87
70 86
69 86
69 85
70 85
70 84
70 83
69 83
69 84
68 84
68 83
68 82
69 82
70 82
71 82
71 81
70 81
69 81
69 80
70 80
70 79
71 79
72 79
72 78
71 78
71 77
71 76
71 75
70 75
70 76
69 76
69 77
70 77
70 78
69 78
69 79
68 79
67 79
67 80
68 80
68 81
67 81
67 82
66 82
66 83
67 83
67 84
66 84
65 84
65 83
65 82
64 82
64 81
64 80
63 80
63 81
62 81
62 82
63 82
63 83
64 83
64 84
63 84
63 85
64 85
65 85
66 85
67 85
68 85
68 86
67 86
67 87
68 87
69 87
69 88
68 88
67 88
66 88
66 87
66 86
65 86
64 86
63 86
62 86
61 86
61 87
62 87
63 87
64 87
65 87
65 88
64 88
63 88
62 88
62 89
63 89
64 89
65 89
66 89
67 89
68 89
69 89
69 90
70 90
70 91
69 91
68 91
68 90
67 90
66 90
66 91
67 91
67 92
68 92
69 92
69 93
68 93
67 93
67 94
68 94
69 94
70 94
70 95
71 95
71 96
70 96
69 96
69 97
69 98
69 99
69 100
68 100
68 99
68 98
68 97
68 96
68 95
67 95
67 96
67 97
67 98
66 98
66 97
66 96
65 96
65 97
65 98
65 99
66 99
67 99
67 100
66 100
66 101
67 101
67 102
66 102
66 103
67 103
67 104
67 105
67 106
67 107
68 107
69 107
70 107
70 108
70 109
71 109
72 109
73 109
74 109
75 109
75 110
74 110
74 111
73 111
73 110
72 110
71 110
71 111
72 111
72 112
71 112
71 113
72 113
72 114
71 114
71 115
72 115
72 116
73 116
73 115
73 114
74 114
74 115
74 116
74 117
73 117
72 117
71 117
71 116
70 116
70 115
70 114
70 113
70 112
69 112
69 113
69 114
69 115
69 116
68 116
68 117
67 117
67 116
66 116
66 115
67 115
68 115
68 114
67 114
66 114
66 113
67 113
68 113
68 112
68 111
69 111
70 111
70 110
69 110
68 110
68 109
69 109
69 108
68 108
67 108
67 109
67 110
67 111
67 112
66 112
66 111
66 110
66 109
65 109
65 110
65 111
65 112
65 113
65 114
65 115
65 116
65 117
65 118
66 118
67 118
67 119
66 119
66 120
66 121
67 121
68 121
68 120
68 119
68 118
69 118
69 119
69 120
69 121
70 121
70 122
69 122
69 123
69 124
69 125
69 126
68 126
68 125
68 124
68 123
68 122
67 122
67 123
67 124
66 124
66 125
67 125
67 126
67 127
67 128
66 128
65 128
65 127
66 127
66 126
65 126
65 125
65 124
65 123
66 123
66 122
65 122
65 121
65 120
65 119
64 119
64 120
64 121
64 122
64 123
64 124
64 125
64 126
64 127
64 128
64 129
65 129
66 129
67 129
67 130
66 130
65 130
65 131
66 131
67 131
67 132
66 132
66 133
65 133
65 132
64 132
64 133
63 133
63 132
63 131
64 131
64 130
63 130
62 130
62 131
62 132
62 133
61 133
61 132
60 132
59 132
58 132
58 131
59 131
60 131
61 131
61 130
60 130
59 130
59 129
60 129
61 129
62 129
63 129
63 128
63 127
62 127
62 128
61 128
61 127
60 127
60 126
60 125
61 125
61 126
62 126
63 126
63 125
62 125
62 124
63 124
63 123
63 122
63 121
62 121
62 122
61 122
61 123
61 124
60 124
60 123
60 122
60 121
61 121
61 120
62 120
63 120
63 119
63 118
64 118
64 117
64 116
64 115
64 114
63 114
63 115
63 116
63 117
62 117
62 118
62 119
61 119
61 118
60 118
60 119
59 119
59 118
59 117
59 116
60 116
60 117
61 117
61 116
62 116
62 115
61 115
60 115
60 114
61 114
62 114
62 113
63 113
64 113
64 112
63 112
62 112
61 112
61 113
60 113
60 112
60 111
61 111
62 111
63 111
64 111
64 110
64 109
64 108
65 108
66 108
66 107
66 106
66 105
66 104
65 104
65 105
65 106
65 107
64 107
64 106
64 105
64 104
64 103
65 103
65 102
65 101
65 100
64 100
64 99
64 98
63 98
63 99
63 100
63 101
64 101
64 102
63 102
63 103
62 103
62 104
63 104
63 105
63 106
63 107
63 108
63 109
63 110
62 110
62 109
62 108
62 107
61 107
61 106
62 106
62 105
61 105
61 104
60 104
60 105
60 106
60 107
60 108
61 108
61 109
60 109
60 110
59 110
59 109
59 108
59 107
59 106
59 105
59 104
58 104
58 105
58 106
58 107
58 108
57 108
57 107
57 106
57 105
57 104
57 103
58 103
59 103
60 103
61 103
61 102
60 102
59 102
59 101
60 101
61 101
62 101
62 100
61 100
60 100
59 100
59 99
60 99
61 99
62 99
62 98
62 97
62 96
63 96
63 97
64 97
64 96
64 95
65 95
66 95
66 94
65 94
65 93
66 93
66 92
65 92
65 91
65 90
64 90
64 91
64 92
64 93
64 94
63 94
63 95
62 95
62 94
62 93
63 93
63 92
63 91
63 90
62 90
62 91
62 92
61 92
61 91
61 90
61 89
60 89
60 88
59 88
59 89
59 90
60 90
60 91
60 92
60 93
61 93
61 94
60 94
59 94
59 93
59 92
59 91
58 91
58 92
57 92
57 93
58 93
58 94
58 95
57 95
57 96
58 96
59 96
59 95
60 95
61 95
61 96
60 96
60 97
61 97
61 98
60 98
59 98
59 97
58 97
58 98
57 98
57 99
58 99
58 100
58 101
58 102
57 102
57 101
57 100
56 100
56 101
55 101
54 101
54 102
55 102
56 102
56 103
55 103
54 103
54 104
55 104
56 104
56 105
56 106
56 107
56 108
56 109
57 109
58 109
58 110
57 110
57 111
58 111
59 111
59 112
58 112
58 113
58 114
59 114
59 115
58 115
58 116
58 117
58 118
58 119
57 119
57 120
58 120
59 120
59 121
59 122
58 122
58 121
57 121
57 122
57 123
58 123
59 123
59 124
58 124
58 125
59 125
59 126
58 126
58 127
59 127
59 128
58 128
58 129
58 130
57 130
57 131
56 131
56 130
56 129
57 129
57 128
57 127
57 126
57 125
57 124
56 124
56 125
56 126
56 127
56 128
55 128
55 129
55 130
55 131
54 131
54 130
54 129
54 128
53 128
53 127
54 127
55 127
55 126
55 125
54 125
54 124
55 124
55 123
56 123
56 122
56 121
56 120
55 120
55 121
54 121
54 122
54 123
53 123
53 122
53 121
53 120
54 120
54 119
55 119
56 119
56 118
57 118
57 117
57 116
57 115
57 114
57 113
57 112
56 112
56 113
56 114
55 114
55 115
55 116
56 116
56 117
55 117
55 118
54 118
53 118
53 117
54 117
54 116
54 115
54 114
53 114
53 113
54 113
55 113
55 112
55 111
56 111
56 110
55 110
55 109
55 108
55 107
55 106
55 105
54 105
54 106
54 107
54 108
54 109
54 110
53 110
53 111
54 111
54 112
53 112
52 112
52 111
51 111
51 110
52 110
52 109
53 109
53 108
52 108
52 107
53 107
53 106
53 105
52 105
52 104
53 104
53 103
52 103
52 102
53 102
53 101
53 100
54 100
55 100
55 99
56 99
56 98
55 98
55 97
54 97
54 98
54 99
53 99
53 98
53 97
53 96
54 96
55 96
55 95
56 95
56 94
55 94
55 93
54 93
54 94
54 95
53 95
53 94
53 93
53 92
54 92
55 92
56 92
56 91
55 91
54 91
53 91
53 90
54 90
55 90
56 90
57 90
58 90
58 89
57 89
56 89
56 88
57 88
58 88
58 87
59 87
60 87
60 86
59 86
58 86
58 85
59 85
60 85
61 85
61 84
62 84
62 83
61 83
61 82
61 81
60 81
60 82
60 83
60 84
59 84
59 83
59 82
58 82
58 83
58 84
57 84
57 85
56 85
56 84
55 84
54 84
54 85
55 85
55 86
56 86
57 86
57 87
56 87
55 87
54 87
54 88
55 88
55 89
54 89
53 89
53 88
53 87
52 87
52 88
52 89
51 89
51 90
52 90
52 91
51 91
50 91
50 92
50 93
51 93
51 92
52 92
52 93
52 94
51 94
51 95
52 95
52 96
51 96
51 97
52 97
52 98
52 99
52 100
52 101
51 101
51 100
51 99
51 98
50 98
50 99
49 99
49 100
50 100
50 101
50 102
51 102
51 103
51 104
51 105
51 106
50 106
50 105
50 104
50 103
49 103
49 104
49 105
48 105
48 106
49 106
49 107
50 107
51 107
51 108
50 108
50 109
50 110
50 111
50 112
51 112
51 113
50 113
50 114
51 114
52 114
52 115
53 115
53 116
52 116
52 117
52 118
52 119
51 119
51 118
51 117
51 116
51 115
50 115
50 116
50 117
49 117
48 117
48 116
49 116
49 115
49 114
48 114
48 115
47 115
47 114
47 113
48 113
49 113
49 112
48 112
48 111
49 111
49 110
48 110
48 109
49 109
49 108
48 108
48 107
47 107
47 106
47 105
46 105
46 104
47 104
48 104
48 103
48 102
49 102
49 101
48 101
47 101
47 102
47 103
46 103
46 102
45 102
45 103
45 104
45 105
45 106
46 106
46 107
45 107
45 108
46 108
47 108
47 109
47 110
46 110
46 109
45 109
44 109
44 108
44 107
44 106
44 105
44 104
44 103
44 102
44 101
45 101
46 101
46 100
45 100
44 100
44 99
45 99
46 99
47 99
47 100
48 100
48 99
48 98
47 98
47 97
47 96
48 96
48 97
49 97
49 96
50 96
50 95
50 94
49 94
49 95
48 95
48 94
48 93
49 93
49 92
48 92
48 91
49 91
49 90
48 90
48 89
49 89
50 89
50 88
51 88
51 87
50 87
50 86
49 86
49 87
49 88
48 88
47 88
47 89
47 90
47 91
47 92
46 92
46 93
47 93
47 94
47 95
46 95
46 96
45 96
45 97
46 97
46 98
45 98
44 98
43 98
43 97
44 97
44 96
43 96
42 96
42 97
42 98
42 99
43 99
43 100
42 100
42 101
43 101
43 102
42 102
41 102
41 103
42 103
43 103
43 104
43 105
42 105
42 104
41 104
41 105
40 105
40 106
39 106
39 105
39 104
40 104
40 103
39 103
39 102
40 102
40 101
39 101
38 101
38 102
38 103
38 104
38 105
38 106
38 107
39 107
40 107
41 107
41 106
42 106
43 106
43 107
42 107
42 108
41 108
41 109
40 109
40 108
39 108
38 108
38 109
39 109
39 110
40 110
41 110
42 110
42 109
43 109
43 110
44 110
45 110
45 111
46 111
47 111
47 112
46 112
45 112
44 112
44 111
43 111
43 112
43 113
44 113
45 113
45 114
46 114
46 115
46 116
45 116
45 115
44 115
44 114
43 114
43 115
43 116
44 116
44 117
43 117
43 118
44 118
45 118
46 118
46 117
47 117
47 118
48 118
49 118
50 118
50 119
49 119
49 120
50 120
51 120
51 121
52 121
52 122
52 123
52 124
52 125
53 125
53 126
52 126
52 127
51 127
51 126
51 125
51 124
50 124
50 123
51 123
51 122
50 122
50 121
49 121
49 122
49 123
48 123
48 124
48 125
49 125
50 125
50 126
50 127
49 127
49 126
48 126
48 127
48 128
49 128
50 128
51 128
51 129
50 129
50 130
51 130
52 130
53 130
53 131
53 132
52 132
52 131
51 131
51 132
51 133
50 133
50 132
50 131
49 131
49 130
49 129
48 129
48 130
47 130
47 131
48 131
48 132
47 132
47 133
48 133
48 134
47 134
47 135
47 136
46 136
46 135
46 134
46 133
46 132
46 131
46 130
46 129
47 129
47 128
46 128
46 127
47 127
47 126
47 125
47 124
47 123
47 122
48 122
48 121
48 120
48 119
47 119
47 120
47 121
46 121
46 120
46 119
45 119
45 120
45 121
45 122
46 122
46 123
45 123
45 124
46 124
46 125
45 125
44 125
44 126
45 126
45 127
44 127
44 128
44 129
45 129
45 130
44 130
44 131
45 131
45 132
44 132
44 133
45 133
45 134
44 134
44 135
43 135
43 134
43 133
43 132
42 132
42 131
43 131
43 130
43 129
42 129
42 128
43 128
43 127
43 126
42 126
42 127
41 127
41 128
40 128
40 129
39 129
39 130
40 130
41 130
41 131
40 131
39 131
39 132
39 133
40 133
40 132
41 132
41 133
42 133
42 134
41 134
41 135
41 136
42 136
43 136
43 137
42 137
41 137
40 137
40 136
40 135
40 134
39 134
38 134
38 135
39 135
39 136
38 136
38 137
37 137
37 136
37 135
36 135
36 134
37 134
37 133
38 133
38 132
37 132
36 132
36 133
35 133
35 132
34 132
34 131
34 130
35 130
35 131
36 131
37 131
38 131
38 130
38 129
38 128
39 128
39 127
40 127
40 126
41 126
41 125
42 125
43 125
43 124
44 124
44 123
44 122
44 121
44 120
44 119
43 119
43 120
43 121
43 122
42 122
42 121
42 120
42 119
41 119
41 118
42 118
42 117
41 117
40 117
40 118
40 119
40 120
41 120
41 121
41 122
41 123
42 123
42 124
41 124
40 124
40 123
40 122
40 121
39 121
39 122
39 123
39 124
38 124
38 125
39 125
39 126
38 126
37 126
37 127
37 128
37 129
37 130
36 130
36 129
35 129
34 129
34 128
35 128
36 128
36 127
35 127
35 126
36 126
36 125
37 125
37 124
36 124
35 124
35 123
36 123
37 123
38 123
38 122
38 121
37 121
37 122
36 122
36 121
35 121
34 121
34 122
34 123
34 124
34 125
34 126
34 127
33 127
32 127
32 128
31 128
31 127
30 127
29 127
29 128
30 128
30 129
29 129
29 130
28 130
28 129
27 129
27 130
27 131
28 131
29 131
30 131
30 132
29 132
29 133
28 133
28 132
27 132
26 132
26 131
25 131
25 130
26 130
26 129
25 129
25 128
24 128
23 128
23 127
24 127
24 126
24 125
25 125
25 126
25 127
26 127
26 128
27 128
28 128
28 127
27 127
27 126
26 126
26 125
27 125
27 124
28 124
28 125
28 126
29 126
29 125
30 125
30 126
31 126
32 126
33 126
33 125
32 125
31 125
31 124
32 124
33 124
33 123
32 123
31 123
31 122
32 122
33 122
33 121
32 121
31 121
31 120
32 120
33 120
34 120
34 119
35 119
35 120
36 120
37 120
38 120
39 120
39 119
38 119
38 118
39 118
39 117
38 117
38 116
39 116
40 116
41 116
42 116
42 115
41 115
40 115
40 114
39 114
39 115
38 115
38 114
37 114
37 115
37 116
37 117
37 118
37 119
36 119
36 118
36 117
36 116
36 115
36 114
36 113
37 113
38 113
38 112
39 112
39 113
40 113
41 113
41 114
42 114
42 113
42 112
42 111
41 111
41 112
40 112
40 111
39 111
38 111
38 110
37 110
36 110
36 111
37 111
37 112
36 112
35 112
35 113
35 114
35 115
35 116
35 117
35 118
34 118
33 118
33 119
32 119
32 118
31 118
31 117
32 117
33 117
34 117
34 116
34 115
34 114
34 113
33 113
33 114
33 115
33 116
32 116
32 115
32 114
32 113
31 113
31 114
31 115
31 116
30 116
30 117
30 118
30 119
30 120
30 121
30 122
30 123
29 123
29 122
29 121
28 121
28 120
29 120
29 119
29 118
28 118
28 119
27 119
27 120
27 121
26 121
26 120
25 120
25 119
26 119
26 118
27 118
27 117
28 117
29 117
29 116
28 116
27 116
27 115
28 115
29 115
30 115
30 114
29 114
29 113
30 113
30 112
31 112
32 112
33 112
34 112
34 111
35 111
35 110
34 110
33 110
32 110
32 111
31 111
31 110
31 109
32 109
33 109
34 109
35 109
36 109
37 109
37 108
36 108
35 108
34 108
34 107
35 107
35 106
36 106
36 107
37 107
37 106
37 105
37 104
36 104
36 105
35 105
34 105
34 106
33 106
33 105
32 105
32 106
32 107
33 107
33 108
32 108
31 108
31 107
31 106
30 106
30 107
30 108
30 109
29 109
29 108
28 108
28 109
28 110
29 110
30 110
30 111
29 111
28 111
28 112
28 113
28 114
27 114
27 113
26 113
26 112
27 112
27 111
27 110
26 110
26 111
25 111
25 112
25 113
24 113
24 114
24 115
25 115
25 114
26 114
26 115
26 116
26 117
25 117
25 116
24 116
24 117
24 118
24 119
23 119
23 118
23 117
23 116
22 116
22 117
22 118
22 119
22 120
23 120
24 120
24 121
23 121
22 121
22 122
21 122
21 121
21 120
20 120
20 119
21 119
21 118
20 118
20 117
21 117
21 116
21 115
22 115
23 115
23 114
22 114
22 113
23 113
23 112
24 112
24 111
23 111
23 110
23 109
24 109
24 110
25 110
25 109
26 109
27 109
27 108
27 107
28 107
29 107
29 106
28 106
28 105
29 105
30 105
31 105
31 104
32 104
33 104
33 103
33 102
34 102
34 103
34 104
35 104
35 103
36 103
37 103
37 102
37 101
36 101
36 102
35 102
35 101
34 101
33 101
32 101
32 102
31 102
31 103
30 103
30 102
29 102
29 103
29 104
28 104
27 104
26 104
26 105
27 105
27 106
26 106
26 107
25 107
25 108
24 108
24 107
23 107
23 108
22 108
22 107
21 107
21 108
21 109
22 109
22 110
21 110
21 111
22 111
22 112
21 112
21 113
21 114
20 114
20 113
19 113
19 114
18 114
18 113
18 112
19 112
20 112
20 111
20 110
20 109
20 108
20 107
19 107
19 108
19 109
18 109
18 108
18 107
17 107
17 108
17 109
17 110
18 110
19 110
19 111
18 111
17 111
17 112
17 113
16 113
16 114
17 114
17 115
18 115
19 115
20 115
20 116
19 116
19 117
19 118
19 119
18 119
18 120
17 120
17 119
17 118
18 118
18 117
18 116
17 116
17 117
16 117
16 118
16 119
16 120
15 120
15 119
15 118
15 117
15 116
16 116
16 115
15 115
15 114
15 113
14 113
13 113
13 114
14 114
14 115
13 115
13 116
13 117
14 117
14 118
13 118
13 119
13 120
14 120
14 121
15 121
16 121
17 121
17 122
16 122
16 123
17 123
18 123
18 122
18 121
19 121
19 122
19 123
20 123
20 124
21 124
21 125
22 125
23 125
23 126
22 126
21 126
21 127
20 127
19 127
19 126
20 126
20 125
19 125
19 124
18 124
18 125
18 126
17 126
17 125
17 124
16 124
16 125
16 126
16 127
16 128
16 129
15 129
15 128
15 127
15 126
15 125
15 124
15 123
15 122
14 122
14 123
14 124
14 125
13 125
13 126
12 126
12 127
12 128
13 128
13 129
12 129
12 130
11 130
11 129
11 128
11 127
11 126
11 125
12 125
12 124
13 124
13 123
13 122
13 121
12 121
12 122
11 122
11 123
11 124
10 124
10 125
10 126
9 126
9 125
8 125
7 125
7 124
8 124
9 124
9 123
10 123
10 122
9 122
8 122
8 123
7 123
6 123
6 122
7 122
7 121
8 121
9 121
10 121
11 121
11 120
12 120
12 119
11 119
10 119
10 120
9 120
9 119
9 118
10 118
11 118
12 118
12 117
12 116
12 115
11 115
11 116
11 117
10 117
9 117
8 117
8 118
8 119
8 120
7 120
7 119
7 118
7 117
6 117
6 118
6 119
6 120
5 120
5 119
4 119
3 119
3 118
4 118
5 118
5 117
4 117
3 117
3 116
4 116
5 116
6 116
7 116
8 116
9 116
10 116
10 115
9 115
8 115
7 115
6 115
5 115
4 115
4 114
5 114
6 114
7 114
8 114
9 114
10 114
11 114
12 114
12 113
11 113
10 113
9 113
8 113
7 113
6 113
5 113
5 112
6 112
7 112
8 112
9 112
10 112
10 111
9 111
8 111
7 111
6 111
5 111
5 110
6 110
7 110
7 109
6 109
5 109
5 108
5 107
6 107
6 108
7 108
7 107
7 106
6 106
6 105
6 104
6 103
7 103
7 104
7 105
8 105
8 106
8 107
8 108
8 109
8 110
9 110
10 110
10 109
9 109
9 108
10 108
11 108
11 109
11 110
11 111
11 112
12 112
12 111
12 110
13 110
13 111
13 112
14 112
15 112
16 112
16 111
15 111
14 111
14 110
15 110
16 110
16 109
16 108
15 108
14 108
14 109
13 109
13 108
12 108
12 107
11 107
10 107
9 107
9 106
9 105
10 105
10 106
11 106
11 105
12 105
12 106
13 106
13 107
14 107
14 106
15 106
15 107
16 107
16 106
17 106
17 105
18 105
18 106
19 106
19 105
20 105
20 106
21 106
21 105
22 105
22 106
23 106
24 106
25 106
25 105
25 104
25 103
26 103
27 103
28 103
28 102
27 102
27 101
26 101
26 102
25 102
25 101
24 101
23 101
23 102
23 103
24 103
24 104
24 105
23 105
23 104
22 104
22 103
21 103
21 104
20 104
20 103
19 103
19 102
20 102
21 102
22 102
22 101
21 101
20 101
19 101
18 101
18 102
18 103
18 104
17 104
16 104
16 105
15 105
15 104
14 104
14 105
13 105
13 104
12 104
12 103
11 103
11 102
12 102
13 102
13 103
14 103
15 103
15 102
16 102
16 103
17 103
17 102
17 101
16 101
15 101
14 101
13 101
12 101
12 100
11 100
11 101
10 101
10 102
10 103
10 104
9 104
9 103
8 103
8 102
9 102
9 101
8 101
8 100
9 100
10 100
10 99
9 99
9 98
10 98
11 98
11 99
12 99
12 98
13 98
13 99
13 100
14 100
15 100
16 100
17 100
18 100
18 99
17 99
17 98
16 98
16 99
15 99
14 99
14 98
15 98
15 97
16 97
16 96
17 96
17 97
18 97
18 98
19 98
19 97
20 97
20 98
20 99
19 99
19 100
20 100
21 100
21 99
22 99
22 100
23 100
23 99
24 99
24 100
25 100
25 99
25 98
24 98
24 97
23 97
23 98
22 98
21 98
21 97
22 97
22 96
23 96
24 96
24 95
25 95
25 96
25 97
26 97
26 98
26 99
26 100
27 100
27 99
27 98
27 97
28 97
28 98
28 99
28 100
28 101
29 101
29 100
30 100
30 101
31 101
31 100
32 100
33 100
33 99
34 99
34 100
35 100
36 100
37 100
38 100
39 100
40 100
41 100
41 99
40 99
39 99
38 99
37 99
36 99
35 99
35 98
34 98
33 98
32 98
31 98
31 99
30 99
29 99
29 98
30 98
30 97
31 97
31 96
32 96
32 97
33 97
33 96
34 96
34 97
35 97
36 97
36 98
37 98
37 97
38 97
38 98
39 98
40 98
41 98
41 97
41 96
41 95
40 95
40 96
40 97
39 97
39 96
38 96
38 95
37 95
37 96
36 96
35 96
35 95
34 95
33 95
32 95
31 95
30 95
30 96
29 96
29 95
28 95
27 95
27 96
26 96
26 95
26 94
27 94
28 94
29 94
30 94
31 94
31 93
32 93
32 94
33 94
34 94
35 94
35 93
34 93
33 93
33 92
32 92
31 92
30 92
30 93
29 93
29 92
28 92
28 93
27 93
27 92
26 92
26 91
25 91
24 91
24 92
25 92
25 93
25 94
24 94
24 93
23 93
23 94
23 95
22 95
21 95
21 96
20 96
19 96
18 96
18 95
17 95
16 95
15 95
15 96
14 96
14 95
13 95
12 95
12 96
13 96
13 97
12 97
11 97
11 96
11 95
10 95
10 94
10 93
11 93
11 94
12 94
12 93
12 92
11 92
10 92
10 91
11 91
12 91
13 91
13 92
13 93
13 94
14 94
14 93
14 92
14 91
15 91
15 92
15 93
15 94
16 94
17 94
18 94
19 94
19 95
20 95
20 94
21 94
22 94
22 93
21 93
21 92
20 92
20 93
19 93
19 92
18 92
18 93
17 93
16 93
16 92
17 92
17 91
18 91
19 91
20 91
21 91
21 90
21 89
22 89
22 90
22 91
22 92
23 92
23 91
23 90
23 89
24 89
24 90
25 90
25 89
26 89
26 90
27 90
27 91
28 91
28 90
28 89
29 89
29 88
30 88
30 89
30 90
29 90
29 91
30 91
31 91
32 91
33 91
34 91
34 92
35 92
36 92
36 93
36 94
37 94
37 93
37 92
38 92
38 93
38 94
39 94
39 93
39 92
40 92
40 93
40 94
41 94
42 94
42 95
43 95
43 94
44 94
44 95
45 95
45 94
45 93
44 93
43 93
42 93
41 93
41 92
42 92
43 92
44 92
45 92
45 91
44 91
43 91
42 91
41 91
41 90
40 90
40 91
39 91
38 91
37 91
37 90
38 90
39 90
39 89
40 89
40 88
39 88
38 88
38 89
37 89
36 89
36 90
36 91
35 91
35 90
34 90
33 90
32 90
31 90
31 89
32 89
32 88
33 88
33 89
34 89
35 89
35 88
36 88
37 88
37 87
36 87
35 87
34 87
33 87
32 87
31 87
31 86
32 86
33 86
34 86
35 86
36 86
37 86
38 86
39 86
39 87
40 87
40 86
41 86
41 87
41 88
41 89
42 89
42 90
43 90
44 90
45 90
46 90
46 89
45 89
44 89
43 89
43 88
42 88
42 87
42 86
43 86
43 87
44 87
44 88
45 88
45 87
46 87
46 86
45 86
44 86
44 85
43 85
43 84
44 84
45 84
45 85
46 85
47 85
47 86
47 87
48 87
48 86
48 85
49 85
49 84
48 84
48 83
47 83
47 84
46 84
46 83
45 83
45 82
44 82
44 83
43 83
43 82
42 82
42 83
42 84
42 85
41 85
41 84
41 83
40 83
40 84
40 85
39 85
39 84
39 83
39 82
38 82
38 83
38 84
38 85
37 85
37 84
37 83
36 83
36 84
36 85
35 85
34 85
33 85
33 84
34 84
35 84
35 83
34 83
33 83
32 83
32 84
32 85
31 85
31 84
31 83
30 83
30 84
29 84
29 85
30 85
30 86
30 87
29 87
29 86
28 86
28 85
27 85
27 86
27 87
28 87
28 88
27 88
26 88
25 88
24 88
23 88
22 88
21 88
20 88
20 89
20 90
19 90
19 89
18 89
18 90
17 90
17 89
16 89
16 90
15 90
15 89
14 89
13 89
13 90
12 90
11 90
11 89
12 89
12 88
13 88
14 88
15 88
16 88
17 88
17 87
18 87
18 88
19 88
19 87
20 87
21 87
22 87
23 87
24 87
25 87
26 87
26 86
26 85
25 85
25 86
24 86
24 85
23 85
23 86
22 86
21 86
20 86
19 86
18 86
17 86
16 86
16 87
15 87
15 86
15 85
14 85
14 86
14 87
13 87
12 87
11 87
10 87
10 86
11 86
12 86
13 86
13 85
12 85
12 84
11 84
10 84
10 85
9 85
9 84
8 84
8 83
9 83
10 83
11 83
12 83
12 82
11 82
10 82
9 82
8 82
7 82
7 81
8 81
9 81
10 81
11 81
12 81
12 80
11 80
10 80
9 80
8 80
8 79
9 79
10 79
11 79
12 79
13 79
13 80
13 81
14 81
15 81
15 82
14 82
13 82
13 83
13 84
14 84
15 84
15 83
16 83
16 84
16 85
17 85
17 84
18 84
18 85
19 85
20 85
21 85
22 85
22 84
23 84
24 84
24 83
25 83
25 84
26 84
27 84
28 84
28 83
29 83
29 82
28 82
27 82
27 83
26 83
26 82
25 82
25 81
24 81
24 82
23 82
23 83
22 83
22 82
21 82
21 83
21 84
20 84
19 84
19 83
20 83
20 82
19 82
18 82
18 83
17 83
17 82
16 82
16 81
17 81
18 81
19 81
20 81
21 81
21 80
20 80
19 80
18 80
17 80
17 79
18 79
19 79
20 79
21 79
21 78
21 77
22 77
22 78
22 79
22 80
22 81
23 81
23 80
24 80
25 80
25 79
24 79
24 78
23 78
23 77
24 77
24 76
23 76
22 76
21 76
20 76
20 77
20 78
19 78
18 78
17 78
17 77
16 77
16 78
16 79
16 80
15 80
14 80
14 79
15 79
15 78
14 78
13 78
12 78
11 78
10 78
9 78
8 78
8 77
9 77
10 77
11 77
12 77
13 77
14 77
15 77
15 76
16 76
16 75
16 74
15 74
15 75
14 75
14 76
13 76
13 75
12 75
12 76
11 76
10 76
10 75
11 75
11 74
12 74
12 73
13 73
13 74
14 74
14 73
15 73
16 73
17 73
17 74
17 75
17 76
18 76
18 77
19 77
19 76
19 75
18 75
18 74
19 74
20 74
20 75
21 75
22 75
22 74
22 73
22 72
23 72
23 73
23 74
23 75
24 75
24 74
24 73
24 72
25 72
25 73
25 74
25 75
25 76
25 77
25 78
26 78
27 78
27 79
26 79
26 80
26 81
27 81
27 80
28 80
28 81
29 81
29 80
29 79
28 79
28 78
29 78
29 77
28 77
27 77
26 77
26 76
26 75
27 75
27 76
28 76
29 76
29 75
29 74
28 74
27 74
26 74
26 73
27 73
28 73
29 73
30 73
30 74
30 75
30 76
30 77
30 78
31 78
31 79
30 79
30 80
30 81
30 82
31 82
31 81
32 81
32 82
33 82
33 81
34 81
34 82
35 82
35 81
36 81
36 82
37 82
37 81
38 81
38 80
37 80
36 80
35 80
34 80
33 80
32 80
32 79
33 79
34 79
35 79
36 79
37 79
37 78
38 78
38 77
37 77
36 77
36 78
35 78
35 77
34 77
33 77
33 78
32 78
32 77
31 77
31 76
31 75
32 75
32 76
33 76
33 75
34 75
34 76
35 76
35 75
36 75
36 76
37 76
37 75
38 75
39 75
39 76
39 77
39 78
39 79
40 79
40 80
39 80
39 81
40 81
40 82
41 82
41 81
42 81
43 81
44 81
45 81
46 81
46 82
47 82
47 81
48 81
48 80
49 80
49 81
50 81
50 82
49 82
49 83
50 83
50 84
50 85
51 85
51 84
51 83
52 83
52 84
52 85
52 86
53 86
53 85
53 84
53 83
54 83
55 83
56 83
57 83
57 82
56 82
56 81
55 81
55 82
54 82
53 82
52 82
51 82
51 81
52 81
53 81
54 81
54 80
55 80
56 80
56 79
55 79
55 78
54 78
54 79
53 79
53 80
52 80
52 79
52 78
51 78
51 79
51 80
50 80
50 79
50 78
49 78
49 79
48 79
48 78
47 78
47 79
47 80
46 80
45 80
44 80
43 80
42 80
41 80
41 79
42 79
43 79
44 79
45 79
46 79
46 78
45 78
44 78
43 78
42 78
41 78
40 78
40 77
41 77
42 77
43 77
44 77
45 77
46 77
47 77
48 77
48 76
47 76
46 76
45 76
44 76
43 76
42 76
41 76
40 76
40 75
41 75
42 75
43 75
44 75
45 75
46 75
47 75
48 75
49 75
49 76
49 77
50 77
50 76
50 75
50 74
51 74
51 75
51 76
51 77
52 77
52 76
53 76
53 75
52 75
52 74
53 74
54 74
54 75
55 75
55 76
54 76
54 77
55 77
56 77
56 76
57 76
57 77
57 78
57 79
58 79
59 79
59 78
58 78
58 77
59 77
59 76
58 76
58 75
58 74
58 73
57 73
57 74
57 75
56 75
56 74
55 74
55 73
54 73
54 72
53 72
53 73
52 73
52 72
52 71
51 71
51 72
51 73
50 73
49 73
49 74
48 74
47 74
47 73
46 73
46 74
45 74
44 74
44 73
44 72
45 72
46 72
47 72
48 72
49 72
50 72
50 71
49 71
48 71
47 71
47 70
48 70
49 70
50 70
51 70
52 70
53 70
53 71
54 71
55 71
55 72
56 72
57 72
58 72
58 71
59 71
60 71
60 70
59 70
58 70
57 70
57 71
56 71
56 70
55 70
54 70
54 69
53 69
52 69
52 68
53 68
54 68
55 68
55 69
56 69
56 68
57 68
58 68
58 69
59 69
59 68
60 68
61 68
61 67
62 67
62 66
61 66
60 66
60 67
59 67
58 67
57 67
56 67
55 67
54 67
54 66
53 66
53 67
52 67
52 66
52 65
51 65
51 66
51 67
51 68
51 69
50 69
50 68
49 68
49 69
48 69
48 68
48 67
49 67
49 66
50 66
50 65
49 65
48 65
48 66
47 66
47 67
47 68
47 69
46 69
46 70
46 71
45 71
45 70
45 69
44 69
44 70
44 71
43 71
43 72
43 73
43 74
42 74
41 74
41 73
42 73
42 72
41 72
41 71
40 71
40 72
39 72
39 73
40 73
40 74
39 74
38 74
38 73
38 72
37 72
37 73
37 74
36 74
35 74
34 74
33 74
32 74
31 74
31 73
32 73
33 73
33 72
34 72
34 73
35 73
36 73
36 72
35 72
35 71
34 71
34 70
35 70
35 69
34 69
33 69
33 70
32 70
32 71
32 72
31 72
31 71
31 70
30 70
30 69
31 69
32 69
32 68
31 68
30 68
29 68
29 69
29 70
29 71
30 71
30 72
29 72
28 72
28 71
28 70
28 69
28 68
28 67
27 67
27 68
27 69
27 70
27 71
27 72
26 72
26 71
26 70
25 70
25 71
24 71
24 70
23 70
23 69
24 69
25 69
26 69
26 68
26 67
25 67
25 68
24 68
24 67
23 67
22 67
22 68
22 69
21 69
21 68
21 67
20 67
20 68
20 69
20 70
21 70
22 70
22 71
21 71
20 71
20 72
21 72
21 73
20 73
19 73
18 73
18 72
19 72
19 71
18 71
17 71
17 72
16 72
16 71
15 71
15 72
14 72
14 71
13 71
13 72
12 72
12 71
11 71
10 71
10 72
11 72
11 73
10 73
9 73
9 72
8 72
8 73
7 73
7 72
6 72
6 71
6 70
7 70
7 71
8 71
9 71
9 70
10 70
10 69
11 69
11 70
12 70
13 70
14 70
15 70
16 70
17 70
18 70
19 70
19 69
18 69
17 69
16 69
15 69
14 69
14 68
13 68
13 69
12 69
12 68
11 68
10 68
9 68
8 68
8 69
7 69
6 69
6 68
7 68
7 67
8 67
9 67
10 67
11 67
11 66
10 66
9 66
8 66
7 66
7 65
8 65
9 65
10 65
10 64
9 64
8 64
7 64
7 63
8 63
9 63
9 62
9 61
10 61
11 61
11 62
10 62
10 63
11 63
11 64
11 65
12 65
12 66
12 67
13 67
13 66
13 65
13 64
12 64
12 63
12 62
13 62
13 63
14 63
14 64
14 65
14 66
14 67
15 67
15 68
16 68
17 68
17 67
16 67
16 66
17 66
18 66
18 67
18 68
19 68
19 67
19 66
20 66
20 65
19 65
18 65
17 65
16 65
15 65
15 64
16 64
17 64
17 63
16 63
15 63
15 62
16 62
17 62
18 62
18 63
18 64
19 64
19 63
19 62
20 62
20 63
20 64
21 64
21 65
21 66
22 66
22 65
22 64
23 64
23 65
23 66
24 66
25 66
26 66
27 66
27 65
26 65
25 65
24 65
24 64
25 64
26 64
27 64
28 64
28 65
28 66
29 66
29 67
30 67
30 66
30 65
29 65
29 64
30 64
31 64
31 65
31 66
31 67
32 67
32 66
33 66
34 66
34 67
33 67
33 68
34 68
35 68
36 68
36 69
36 70
36 71
37 71
37 70
37 69
38 69
38 70
38 71
39 71
39 70
40 70
41 70
42 70
43 70
43 69
42 69
41 69
41 68
40 68
40 69
39 69
39 68
39 67
38 67
38 68
37 68
37 67
36 67
35 67
35 66
36 66
37 66
37 65
38 65
38 66
39 66
39 65
40 65
40 64
41 64
41 65
41 66
40 66
40 67
41 67
42 67
42 66
42 65
42 64
43 64
43 65
43 66
43 67
43 68
44 68
45 68
46 68
46 67
45 67
44 67
44 66
44 65
44 64
45 64
45 65
45 66
46 66
46 65
47 65
47 64
46 64
46 63
45 63
45 62
45 61
46 61
46 62
47 62
47 61
48 61
48 62
48 63
48 64
49 64
49 63
49 62
49 61
50 61
50 62
50 63
50 64
51 64
51 63
51 62
51 61
52 61
52 62
52 63
52 64
53 64
53 65
54 65
55 65
55 66
56 66
57 66
57 65
56 65
56 64
57 64
58 64
58 63
58 62
57 62
57 63
56 63
56 62
56 61
55 61
55 62
55 63
55 64
54 64
54 63
53 63
53 62
54 62
54 61
53 61
53 60
52 60
52 59
52 58
51 58
51 59
51 60
50 60
50 59
49 59
49 60
48 60
48 59
48 58
49 58
50 58
50 57
51 57
51 56
50 56
49 56
49 57
48 57
48 56
47 56
47 57
47 58
47 59
47 60
46 60
45 60
45 59
45 58
46 58
46 57
45 57
45 56
44 56
44 55
43 55
43 56
43 57
44 57
44 58
44 59
43 59
43 60
44 60
44 61
44 62
44 63
43 63
42 63
41 63
40 63
39 63
39 64
38 64
37 64
36 64
36 65
35 65
34 65
33 65
32 65
32 64
33 64
34 64
35 64
35 63
34 63
33 63
32 63
31 63
30 63
29 63
28 63
27 63
26 63
25 63
24 63
23 63
22 63
21 63
21 62
22 62
23 62
24 62
25 62
26 62
27 62
28 62
29 62
30 62
31 62
32 62
33 62
34 62
35 62
36 62
36 63
37 63
37 62
38 62
39 62
40 62
40 61
41 61
41 62
42 62
43 62
43 61
42 61
42 60
42 59
41 59
41 60
40 60
40 59
39 59
39 60
39 61
38 61
37 61
36 61
35 61
34 61
33 61
32 61
31 61
30 61
29 61
29 60
28 60
28 61
27 61
27 60
26 60
26 61
25 61
24 61
23 61
22 61
22 60
23 60
24 60
25 60
25 59
26 59
27 59
28 59
29 59
29 58
29 57
29 56
30 56
30 57
30 58
30 59
30 60
31 60
32 60
33 60
34 60
35 60
36 60
37 60
38 60
38 59
37 59
36 59
35 59
34 59
33 59
32 59
31 59
31 58
32 58
33 58
34 58
35 58
36 58
37 58
38 58
39 58
40 58
41 58
42 58
42 57
41 57
40 57
39 57
38 57
37 57
36 57
35 57
34 57
33 57
32 57
31 57
31 56
32 56
33 56
34 56
35 56
36 56
37 56
37 55
36 55
35 55
34 55
33 55
32 55
31 55
30 55
29 55
29 54
30 54
31 54
32 54
33 54
34 54
35 54
36 54
37 54
38 54
38 55
38 56
39 56
39 55
40 55
40 54
39 54
39 53
38 53
37 53
36 53
35 53
35 52
36 52
37 52
38 52
39 52
39 51
38 51
37 51
36 51
35 51
34 51
34 52
34 53
33 53
33 52
33 51
32 51
32 52
32 53
31 53
30 53
30 52
31 52
31 51
30 51
29 51
28 51
27 51
27 52
28 52
29 52
29 53
28 53
28 54
28 55
28 56
27 56
27 57
28 57
28 58
27 58
26 58
25 58
24 58
24 59
23 59
23 58
22 58
21 58
21 59
21 60
20 60
20 61
19 61
18 61
17 61
16 61
15 61
14 61
13 61
13 60
14 60
15 60
16 60
17 60
17 59
18 59
18 60
19 60
19 59
20 59
20 58
19 58
18 58
17 58
16 58
16 59
15 59
14 59
14 58
15 58
15 57
16 57
16 56
17 56
17 57
18 57
19 57
19 56
18 56
18 55
19 55
20 55
20 56
20 57
21 57
21 56
21 55
22 55
22 56
22 57
23 57
24 57
25 57
26 57
26 56
25 56
24 56
23 56
23 55
24 55
25 55
25 54
26 54
26 55
27 55
27 54
27 53
26 53
26 52
25 52
25 53
24 53
23 53
23 54
22 54
21 54
20 54
19 54
18 54
17 54
16 54
16 55
15 55
15 54
14 54
14 53
15 53
15 52
16 52
16 53
17 53
18 53
19 53
20 53
21 53
22 53
22 52
21 52
20 52
20 51
21 51
22 51
22 50
23 50
23 51
23 52
24 52
24 51
25 51
26 51
26 50
25 50
24 50
24 49
25 49
26 49
26 48
25 48
24 48
24 47
25 47
26 47
27 47
27 48
27 49
27 50
28 50
29 50
29 49
29 48
28 48
28 47
29 47
30 47
30 48
31 48
31 49
30 49
30 50
31 50
32 50
33 50
34 50
35 50
35 49
34 49
33 49
32 49
32 48
33 48
34 48
35 48
36 48
36 49
36 50
37 50
38 50
38 49
37 49
37 48
38 48
39 48
40 48
40 49
39 49
39 50
40 50
41 50
41 51
40 51
40 52
41 52
41 53
41 54
41 55
41 56
42 56
42 55
42 54
43 54
44 54
44 53
43 53
42 53
42 52
42 51
42 50
43 50
43 51
43 52
44 52
44 51
44 50
45 50
46 50
46 51
45 51
45 52
46 52
46 53
45 53
45 54
46 54
46 55
47 55
48 55
48 54
47 54
47 53
47 52
47 51
48 51
48 52
48 53
49 53
49 54
50 54
50 55
51 55
51 54
52 54
52 55
52 56
52 57
53 57
54 57
54 58
53 58
53 59
54 59
54 60
55 60
56 60
56 59
55 59
55 58
55 57
56 57
56 58
57 58
57 57
57 56
56 56
56 55
55 55
55 56
54 56
53 56
53 55
54 55
54 54
53 54
53 53
52 53
51 53
50 53
50 52
49 52
49 51
50 51
51 51
52 51
52 52
53 52
53 51
54 51
54 50
53 50
53 49
53 48
52 48
52 47
51 47
51 48
51 49
52 49
52 50
51 50
50 50
49 50
49 49
50 49
50 48
49 48
49 47
48 47
47 47
47 48
48 48
48 49
48 50
47 50
47 49
46 49
46 48
45 48
45 49
44 49
43 49
42 49
41 49
41 48
42 48
43 48
44 48
44 47
43 47
43 46
43 45
44 45
44 46
45 46
45 47
46 47
46 46
47 46
48 46
49 46
50 46
50 45
50 44
49 44
49 45
48 45
48 44
47 44
47 45
46 45
45 45
45 44
44 44
43 44
42 44
42 45
42 46
42 47
41 47
40 47
40 46
39 46
39 47
38 47
37 47
37 46
38 46
38 45
39 45
40 45
41 45
41 44
40 44
39 44
38 44
38 43
38 42
37 42
37 43
37 44
37 45
36 45
36 46
36 47
35 47
34 47
33 47
32 47
31 47
31 46
30 46
29 46
28 46
27 46
26 46
26 45
25 45
24 45
24 46
23 46
22 46
22 47
23 47
23 48
22 48
22 49
21 49
21 50
20 50
19 50
19 51
19 52
18 52
17 52
17 51
18 51
18 50
17 50
16 50
16 51
15 51
15 50
14 50
14 51
14 52
13 52
13 53
13 54
13 55
13 56
12 56
12 57
13 57
13 58
12 58
11 58
10 58
10 57
11 57
11 56
10 56
10 55
11 55
12 55
12 54
12 53
11 53
10 53
10 54
9 54
9 55
9 56
8 56
7 56
7 55
8 55
8 54
7 54
7 53
7 52
8 52
8 53
9 53
9 52
9 51
10 51
10 52
11 52
12 52
12 51
13 51
13 50
12 50
11 50
10 50
9 50
9 49
10 49
11 49
12 49
13 49
13 48
14 48
14 49
15 49
16 49
17 49
17 48
18 48
18 49
19 49
20 49
20 48
21 48
21 47
20 47
19 47
18 47
17 47
16 47
16 48
15 48
15 47
14 47
13 47
12 47
12 48
11 48
11 47
10 47
10 46
11 46
11 45
12 45
12 46
13 46
13 45
14 45
14 46
15 46
15 45
16 45
16 46
17 46
17 45
18 45
18 46
19 46
20 46
21 46
21 45
20 45
19 45
19 44
18 44
17 44
16 44
15 44
14 44
13 44
12 44
11 44
10 44
10 43
11 43
12 43
13 43
14 43
15 43
16 43
16 42
15 42
15 41
16 41
16 40
15 40
14 40
14 41
13 41
13 42
12 42
11 42
11 41
12 41
12 40
13 40
13 39
14 39
14 38
13 38
12 38
11 38
11 39
10 39
10 40
9 40
9 39
8 39
8 38
9 38
10 38
10 37
10 36
10 35
11 35
11 36
11 37
12 37
13 37
14 37
14 36
13 36
13 35
13 34
14 34
14 35
15 35
15 36
16 36
16 37
15 37
15 38
15 39
16 39
16 38
17 38
17 37
18 37
18 38
18 39
17 39
17 40
18 40
19 40
19 41
18 41
17 41
17 42
17 43
18 43
18 42
19 42
19 43
20 43
20 44
21 44
21 43
22 43
22 44
22 45
23 45
23 44
24 44
24 43
23 43
23 42
22 42
21 42
20 42
20 41
21 41
21 40
20 40
20 39
19 39
19 38
20 38
20 37
21 37
22 37
22 38
21 38
21 39
22 39
22 40
22 41
23 41
23 40
24 40
24 41
24 42
25 42
25 43
25 44
26 44
26 43
26 42
26 41
27 41
28 41
28 42
27 42
27 43
27 44
27 45
28 45
29 45
30 45
31 45
32 45
32 46
33 46
34 46
35 46
35 45
34 45
33 45
33 44
34 44
35 44
36 44
36 43
35 43
34 43
33 43
32 43
32 44
31 44
31 43
30 43
30 44
29 44
28 44
28 43
29 43
29 42
30 42
31 42
31 41
30 41
29 41
29 40
30 40
31 40
32 40
32 41
32 42
33 42
33 41
34 41
34 42
35 42
35 41
35 40
36 40
36 41
37 41
37 40
37 39
36 39
35 39
34 39
34 40
33 40
33 39
32 39
31 39
30 39
29 39
28 39
28 40
27 40
27 39
26 39
26 40
25 40
25 39
24 39
23 39
23 38
24 38
25 38
26 38
27 38
28 38
29 38
30 38
31 38
32 38
33 38
34 38
35 38
35 37
36 37
36 36
35 36
35 35
34 35
34 36
34 37
33 37
33 36
32 36
32 37
31 37
30 37
29 37
28 37
27 37
27 36
26 36
26 37
25 37
25 36
24 36
24 37
23 37
23 36
22 36
21 36
20 36
19 36
18 36
17 36
17 35
17 34
18 34
18 35
19 35
20 35
21 35
22 35
23 35
24 35
25 35
26 35
27 35
28 35
28 36
29 36
30 36
31 36
31 35
30 35
29 35
29 34
28 34
27 34
26 34
25 34
24 34
23 34
22 34
21 34
20 34
19 34
19 33
18 33
18 32
17 32
16 32
15 32
15 31
16 31
16 30
16 29
17 29
17 30
17 31
18 31
18 30
18 29
19 29
19 30
19 31
19 32
20 32
20 33
21 33
21 32
22 32
22 33
23 33
23 32
24 32
24 33
25 33
26 33
26 32
25 32
25 31
26 31
26 30
25 30
24 30
23 30
23 31
22 31
21 31
20 31
20 30
21 30
22 30
22 29
22 28
21 28
21 29
20 29
20 28
19 28
18 28
18 27
19 27
20 27
20 26
21 26
21 27
22 27
22 26
23 26
23 25
22 25
21 25
20 25
19 25
19 24
20 24
21 24
22 24
22 23
21 23
21 22
20 22
20 23
19 23
19 22
18 22
18 21
19 21
20 21
21 21
21 20
22 20
22 21
22 22
23 22
23 23
23 24
24 24
24 25
24 26
24 27
23 27
23 28
23 29
24 29
25 29
25 28
26 28
26 29
27 29
27 28
27 27
26 27
25 27
25 26
26 26
27 26
28 26
28 27
28 28
29 28
29 29
28 29
28 30
27 30
27 31
27 32
27 33
28 33
29 33
29 32
28 32
28 31
29 31
29 30
30 30
30 31
30 32
30 33
30 34
31 34
31 33
31 32
32 32
32 33
32 34
32 35
33 35
33 34
34 34
35 34
35 33
34 33
33 33
33 32
34 32
34 31
33 31
32 31
31 31
31 30
31 29
32 29
32 30
33 30
33 29
34 29
34 30
35 30
35 29
35 28
34 28
33 28
32 28
31 28
30 28
30 27
31 27
32 27
32 26
31 26
30 26
29 26
29 25
28 25
27 25
26 25
25 25
25 24
26 24
27 24
27 23
26 23
25 23
24 23
24 22
25 22
26 22
27 22
28 22
28 23
28 24
29 24
29 23
29 22
29 21
28 21
27 21
26 21
26 20
25 20
25 19
24 19
24 20
23 20
23 19
23 18
22 18
22 19
21 19
21 18
20 18
20 19
19 19
19 18
19 17
20 17
21 17
21 16
20 16
20 15
20 14
21 14
21 15
22 15
22 16
22 17
23 17
23 16
23 15
23 14
22 14
22 13
23 13
23 12
24 12
24 13
25 13
25 14
24 14
24 15
24 16
24 17
24 18
25 18
25 17
25 16
25 15
26 15
26 16
26 17
27 17
27 18
26 18
26 19
27 19
27 20
28 20
29 20
29 19
28 19
28 18
29 18
29 17
29 16
28 16
28 15
29 15
30 15
30 16
30 17
30 18
31 18
31 19
30 19
30 20
30 21
31 21
31 22
30 22
30 23
30 24
30 25
31 25
32 25
32 24
31 24
31 23
32 23
32 22
32 21
33 21
33 22
33 23
33 24
33 25
33 26
33 27
34 27
35 27
36 27
36 28
36 29
36 30
36 31
35 31
35 32
36 32
36 33
37 33
37 34
36 34
36 35
37 35
38 35
38 36
38 37
37 37
37 38
38 38
38 39
38 40
39 40
39 41
39 42
39 43
40 43
40 42
41 42
41 41
40 41
40 40
41 40
41 39
40 39
39 39
39 38
40 38
41 38
41 37
40 37
39 37
39 36
39 35
39 34
38 34
38 33
38 32
38 31
37 31
37 30
38 30
38 29
38 28
37 28
37 27
37 26
36 26
36 25
35 25
35 26
34 26
34 25
34 24
35 24
36 24
37 24
37 25
38 25
38 24
38 23
37 23
37 22
36 22
36 23
35 23
35 22
34 22
34 21
34 20
33 20
32 20
32 19
33 19
33 18
32 18
32 17
33 17
34 17
34 18
34 19
35 19
36 19
36 20
35 20
35 21
36 21
37 21
37 20
38 20
38 19
37 19
37 18
36 18
35 18
35 17
36 17
36 16
35 16
34 16
33 16
32 16
31 16
31 15
31 14
32 14
32 15
33 15
34 15
34 14
33 14
33 13
34 13
35 13
35 14
35 15
36 15
37 15
37 14
36 14
36 13
36 12
37 12
37 13
38 13
38 14
38 15
39 15
39 16
38 16
37 16
37 17
38 17
38 18
39 18
39 19
39 20
39 21
38 21
38 22
39 22
39 23
39 24
39 25
39 26
38 26
38 27
39 27
39 28
39 29
39 30
39 31
40 31
40 30
40 29
40 28
40 27
40 26
40 25
40 24
40 23
40 22
40 21
40 20
41 20
41 21
41 22
41 23
42 23
42 24
41 24
41 25
42 25
42 26
41 26
41 27
42 27
42 28
41 28
41 29
41 30
41 31
41 32
40 32
39 32
39 33
40 33
41 33
41 34
40 34
40 35
40 36
41 36
41 35
42 35
42 34
42 33
42 32
42 31
42 30
42 29
43 29
43 28
44 28
44 27
43 27
43 26
44 26
44 25
43 25
43 24
44 24
44 23
44 22
43 22
42 22
42 21
42 20
43 20
43 21
44 21
44 20
45 20
45 21
45 22
45 23
46 23
46 22
46 21
46 20
46 19
45 19
45 18
44 18
44 19
43 19
43 18
42 18
42 19
41 19
41 18
40 18
40 17
41 17
42 17
42 16
41 16
40 16
40 15
41 15
42 15
42 14
41 14
40 14
39 14
39 13
40 13
41 13
42 13
42 12
41 12
40 12
39 12
38 12
38 11
37 11
36 11
35 11
35 10
34 10
34 9
35 9
36 9
36 10
37 10
38 10
38 9
39 9
39 10
39 11
40 11
41 11
42 11
43 11
43 12
43 13
43 14
43 15
43 16
43 17
44 17
45 17
45 16
45 15
44 15
44 14
45 14
45 13
45 12
44 12
44 11
45 11
45 10
44 10
43 10
42 10
41 10
40 10
40 9
41 9
42 9
43 9
43 8
42 8
41 8
40 8
40 7
41 7
41 6
42 6
42 7
43 7
43 6
43 5
44 5
44 4
45 4
45 5
45 6
44 6
44 7
44 8
44 9
45 9
45 8
46 8
46 9
46 10
46 11
46 12
46 13
47 13
47 12
47 11
47 10
47 9
48 9
48 10
48 11
48 12
48 13
48 14
48 15
47 15
47 14
46 14
46 15
46 16
47 16
47 17
46 17
46 18
47 18
48 18
48 19
47 19
47 20
48 20
49 20
49 19
49 18
49 17
48 17
48 16
49 16
49 15
49 14
49 13
49 12
49 11
50 11
50 10
51 10
51 11
52 11
52 10
52 9
51 9
51 8
50 8
49 8
48 8
48 7
49 7
50 7
51 7
51 6
51 5
52 5
52 6
53 6
53 7
52 7
52 8
53 8
53 9
53 10
54 10
54 9
54 8
55 8
55 9
56 9
56 10
55 10
55 11
54 11
53 11
53 12
52 12
51 12
50 12
50 13
50 14
50 15
51 15
51 14
51 13
52 13
53 13
53 14
52 14
52 15
53 15
54 15
55 15
55 16
54 16
53 16
52 16
51 16
50 16
50 17
51 17
52 17
52 18
53 18
53 17
54 17
54 18
54 19
53 19
52 19
51 19
51 18
50 18
50 19
50 20
51 20
51 21
51 22
50 22
50 21
49 21
48 21
47 21
47 22
48 22
48 23
47 23
47 24
46 24
45 24
45 25
45 26
46 26
46 25
47 25
47 26
48 26
48 27
47 27
46 27
45 27
45 28
46 28
47 28
47 29
46 29
45 29
44 29
44 30
43 30
43 31
44 31
44 32
43 32
43 33
44 33
44 34
43 34
43 35
43 36
42 36
42 37
43 37
43 38
43 39
42 39
42 40
42 41
42 42
43 42
43 43
44 43
44 42
44 41
43 41
43 40
44 40
44 39
44 38
44 37
44 36
44 35
45 35
45 34
45 33
46 33
46 32
47 32
48 32
48 31
47 31
46 31
45 31
45 30
46 30
47 30
48 30
48 29
48 28
49 28
49 27
50 27
50 28
50 29
49 29
49 30
49 31
50 31
50 32
49 32
49 33
48 33
47 33
47 34
46 34
46 35
47 35
47 36
46 36
46 37
45 37
45 38
45 39
45 40
46 40
46 41
45 41
45 42
46 42
46 43
47 43
47 42
48 42
48 43
49 43
49 42
50 42
50 43
51 43
51 42
51 41
50 41
49 41
48 41
47 41
47 40
48 40
48 39
47 39
46 39
46 38
47 38
47 37
48 37
49 37
49 38
49 39
49 40
50 40
50 39
51 39
51 38
50 38
50 37
50 36
49 36
48 36
48 35
48 34
49 34
49 35
50 35
50 34
50 33
51 33
51 32
51 31
52 31
52 32
52 33
52 34
51 34
51 35
52 35
52 36
51 36
51 37
52 37
52 38
52 39
52 40
52 41
53 41
54 41
54 40
53 40
53 39
53 38
53 37
53 36
53 35
53 34
53 33
54 33
54 34
54 35
54 36
54 37
54 38
54 39
55 39
55 38
55 37
55 36
55 35
55 34
55 33
55 32
54 32
53 32
53 31
54 31
54 30
53 30
52 30
51 30
51 29
51 28
51 27
51 26
50 26
49 26
49 25
50 25
50 24
49 24
49 23
50 23
51 23
51 24
51 25
52 25
53 25
53 26
52 26
52 27
52 28
52 29
53 29
54 29
54 28
53 28
53 27
54 27
55 27
55 26
54 26
54 25
55 25
55 24
54 24
53 24
52 24
52 23
53 23
53 22
52 22
52 21
53 21
53 20
54 20
54 21
55 21
55 22
54 22
54 23
55 23
56 23
56 22
56 21
56 20
57 20
57 19
57 18
56 18
56 19
55 19
55 18
55 17
56 17
57 17
58 17
58 16
57 16
56 16
56 15
56 14
55 14
54 14
54 13
54 12
55 12
55 13
56 13
57 13
57 14
57 15
58 15
58 14
58 13
58 12
58 11
57 11
57 10
58 10
59 10
60 10
60 11
59 11
59 12
60 12
60 13
59 13
59 14
59 15
60 15
61 15
61 16
60 16
59 16
59 17
60 17
60 18
59 18
58 18
58 19
59 19
59 20
58 20
58 21
57 21
57 22
57 23
58 23
58 24
57 24
56 24
56 25
56 26
56 27
57 27
57 26
57 25
58 25
58 26
58 27
58 28
57 28
56 28
55 28
55 29
55 30
55 31
56 31
56 30
56 29
57 29
58 29
58 30
57 30
57 31
57 32
56 32
56 33
57 33
57 34
56 34
56 35
56 36
56 37
56 38
56 39
56 40
55 40
55 41
55 42
54 42
53 42
52 42
52 43
53 43
54 43
54 44
53 44
52 44
51 44
51 45
52 45
52 46
53 46
53 45
54 45
55 45
55 46
55 47
54 47
54 48
55 48
55 49
56 49
56 48
57 48
57 47
56 47
56 46
56 45
56 44
55 44
55 43
56 43
57 43
57 44
57 45
57 46
58 46
58 45
58 44
58 43
59 43
59 44
60 44
61 44
61 43
60 43
60 42
61 42
62 42
62 41
61 41
60 41
59 41
59 42
58 42
57 42
56 42
56 41
57 41
58 41
58 40
57 40
57 39
58 39
58 38
57 38
57 37
57 36
57 35
58 35
58 34
58 33
58 32
58 31
59 31
59 30
59 29
59 28
59 27
60 27
60 28
60 29
60 30
60 31
60 32
59 32
59 33
59 34
59 35
59 36
58 36
58 37
59 37
59 38
59 39
59 40
60 40
60 39
60 38
60 37
60 36
60 35
60 34
60 33
61 33
61 32
61 31
61 30
61 29
61 28
62 28
62 27
61 27
61 26
60 26
59 26
59 25
60 25
61 25
61 24
60 24
59 24
59 23
59 22
59 21
60 21
60 22
60 23
61 23
61 22
61 21
62 21
62 22
62 23
63 23
63 22
63 21
63 20
62 20
61 20
60 20
60 19
61 19
62 19
62 18
61 18
61 17
62 17
63 17
63 18
63 19
64 19
64 18
64 17
64 16
63 16
62 16
62 15
62 14
61 14
61 13
62 13
63 13
63 12
64 12
64 13
64 14
63 14
63 15
64 15
65 15
65 14
65 13
66 13
67 13
67 14
66 14
66 15
67 15
67 16
68 16
68 17
67 17
66 17
66 16
65 16
65 17
65 18
66 18
66 19
65 19
65 20
64 20
64 21
64 22
65 22
65 21
66 21
66 22
67 22
67 23
66 23
65 23
64 23
64 24
63 24
62 24
62 25
62 26
63 26
63 25
64 25
64 26
64 27
63 27
63 28
64 28
65 28
65 29
64 29
63 29
62 29
62 30
62 31
63 31
63 30
64 30
64 31
64 32
63 32
62 32
62 33
63 33
64 33
64 34
63 34
62 34
61 34
61 35
61 36
61 37
61 38
61 39
61 40
62 40
62 39
62 38
62 37
62 36
62 35
63 35
64 35
65 35
65 36
64 36
63 36
63 37
63 38
63 39
63 40
64 40
64 39
64 38
64 37
65 37
65 38
66 38
66 39
65 39
65 40
66 40
66 41
66 42
65 42
65 43
64 43
64 42
64 41
63 41
63 42
63 43
62 43
62 44
63 44
64 44
65 44
65 45
64 45
63 45
62 45
61 45
60 45
59 45
59 46
59 47
58 47
58 48
58 49
57 49
57 50
56 50
55 50
55 51
56 51
56 52
55 52
54 52
54 53
55 53
55 54
56 54
56 53
57 53
57 52
57 51
58 51
58 50
59 50
59 51
59 52
58 52
58 53
59 53
59 54
58 54
57 54
57 55
58 55
58 56
58 57
58 58
58 59
57 59
57 60
58 60
58 61
59 61
59 62
59 63
59 64
60 64
60 63
60 62
60 61
60 60
59 60
59 59
60 59
60 58
59 58
59 57
60 57
61 57
61 56
60 56
59 56
59 55
60 55
60 54
61 54
61 53
60 53
60 52
60 51
61 51
61 52
62 52
62 51
62 50
61 50
60 50
60 49
59 49
59 48
60 48
60 47
60 46
61 46
62 46
63 46
63 47
62 47
61 47
61 48
61 49
62 49
62 48
63 48
63 49
64 49
64 48
64 47
64 46
65 46
65 47
65 48
66 48
66 49
65 49
65 50
64 50
63 50
63 51
63 52
64 52
64 51
65 51
65 52
66 52
66 51
66 50
67 50
67 49
67 48
68 48
68 49
68 50
69 50
69 51
68 51
67 51
67 52
68 52
69 52
70 52
70 53
69 53
68 53
67 53
66 53
65 53
64 53
63 53
62 53
62 54
63 54
64 54
65 54
65 55
64 55
63 55
62 55
62 56
63 56
63 57
64 57
64 56
65 56
65 57
65 58
64 58
64 59
63 59
63 58
62 58
62 59
61 59
61 60
62 60
62 61
61 61
61 62
61 63
62 63
62 62
63 62
63 61
63 60
64 60
64 61
65 61
65 62
64 62
64 63
64 64
64 65
63 65
63 66
64 66
65 66
65 65
65 64
65 63
66 63
67 63
67 64
68 64
68 65
68 66
67 66
67 67
67 68
68 68
68 67
69 67
69 66
69 65
70 65
70 64
69 64
69 63
68 63
68 62
67 62
66 62
66 61
66 60
65 60
65 59
66 59
66 58
67 58
67 59
67 60
67 61
68 61
68 60
68 59
68 58
68 57
67 57
66 57
66 56
66 55
66 54
67 54
67 55
67 56
68 56
68 55
68 54
69 54
69 55
69 56
69 57
69 58
69 59
69 60
69 61
70 61
70 60
70 59
70 58
70 57
70 56
70 55
70 54
71 54
71 55
71 56
71 57
71 58
71 59
71 60
72 60
72 59
72 58
73 58
73 59
73 60
73 61
73 62
74 62
74 61
74 60
75 60
75 59
74 59
74 58
75 58
75 57
74 57
73 57
72 57
72 56
73 56
74 56
74 55
73 55
72 55
72 54
72 53
71 53
71 52
72 52
72 51
73 51
73 50
72 50
71 50
71 51
70 51
70 50
70 49
69 49
69 48
70 48
71 48
71 49
72 49
72 48
73 48
73 47
72 47
71 47
70 47
69 47
69 46
68 46
68 47
67 47
66 47
66 46
66 45
67 45
68 45
68 44
67 44
66 44
66 43
67 43
67 42
68 42
68 41
67 41
67 40
68 40
68 39
67 39
67 38
67 37
66 37
66 36
66 35
66 34
65 34
65 33
66 33
66 32
66 31
65 31
65 30
66 30
66 29
67 29
67 30
67 31
67 32
68 32
68 31
68 30
68 29
68 28
67 28
66 28
66 27
65 27
65 26
66 26
66 25
65 25
65 24
66 24
67 24
67 25
67 26
67 27
68 27
68 26
68 25
68 24
69 24
69 25
69 26
69 27
70 27
70 28
69 28
69 29
70 29
71 29
71 28
71 27
71 26
71 25
70 25
70 24
71 24
71 23
70 23
69 23
69 22
68 22
68 21
67 21
67 20
67 19
67 18
68 18
68 19
68 20
69 20
69 21
70 21
70 22
71 22
71 21
71 20
71 19
71 18
70 18
70 19
69 19
69 18
69 17
70 17
71 17
71 16
70 16
69 16
69 15
68 15
68 14
69 14
69 13
68 13
68 12
69 12
70 12
70 13
70 14
70 15
71 15
71 14
72 14
72 13
73 13
73 14
73 15
72 15
72 16
72 17
73 17
73 18
72 18
72 19
72 20
72 21
72 22
72 23
72 24
72 25
72 26
72 27
72 28
72 29
72 30
71 30
70 30
69 30
69 31
69 32
70 32
70 31
71 31
71 32
72 32
72 33
71 33
70 33
69 33
68 33
67 33
67 34
67 35
67 36
68 36
68 35
69 35
69 34
70 34
70 35
70 36
70 37
69 37
68 37
68 38
69 38
69 39
69 40
69 41
70 41
70 40
71 40
71 41
71 42
70 42
69 42
69 43
69 44
69 45
70 45
70 44
70 43
71 43
71 44
71 45
71 46
72 46
72 45
72 44
73 44
73 43
72 43
72 42
73 42
73 41
72 41
72 40
73 40
74 40
75 40
75 39
75 38
74 38
74 39
73 39
72 39
71 39
70 39
70 38
71 38
71 37
71 36
71 35
71 34
72 34
72 35
72 36
72 37
72 38
73 38
73 37
73 36
73 35
73 34
73 33
73 32
73 31
73 30
73 29
73 28
73 27
73 26
73 25
73 24
74 24
74 25
75 25
75 24
75 23
75 22
74 22
74 23
73 23
73 22
73 21
74 21
74 20
73 20
73 19
74 19
74 18
74 17
74 16
74 15
75 15
75 16
75 17
75 18
75 19
76 19
76 20
75 20
75 21
76 21
76 22
76 23
76 24
76 25
77 25
77 24
77 23
77 22
77 21
77 20
77 19
78 19
78 18
77 18
76 18
76 17
77 17
77 16
76 16
76 15
77 15
78 15
78 14
77 14
76 14
75 14
75 13
74 13
74 12
75 12
75 11
76 11
76 10
75 10
74 10
74 9
73 9
73 8
74 8
74 7
74 6
75 6
75 7
76 7
76 8
75 8
75 9
76 9
77 9
77 10
77 11
77 12
76 12
76 13
77 13
78 13
78 12
78 11
78 10
79 10
79 9
79 8
80 8
80 9
80 10
81 10
81 11
80 11
79 11
79 12
79 13
79 14
79 15
79 16
78 16
78 17
79 17
80 17
80 16
80 15
80 14
80 13
80 12
81 12
82 12
82 11
83 11
83 12
84 12
84 13
83 13
82 13
81 13
81 14
81 15
81 16
81 17
81 18
80 18
79 18
79 19
80 19
81 19
81 20
80 20
79 20
78 20
78 21
78 22
78 23
78 24
78 25
78 26
78 27
77 27
77 26
76 26
75 26
74 26
74 27
74 28
74 29
74 30
74 31
74 32
74 33
74 34
74 35
74 36
74 37
75 37
75 36
75 35
75 34
75 33
75 32
75 31
75 30
75 29
75 28
75 27
76 27
76 28
76 29
76 30
76 31
76 32
76 33
76 34
76 35
77 35
78 35
78 36
78 37
77 37
77 36
76 36
76 37
76 38
77 38
77 39
77 40
76 40
76 41
77 41
77 42
76 42
75 42
75 41
74 41
74 42
74 43
74 44
74 45
73 45
73 46
74 46
74 47
74 48
75 48
75 47
75 46
75 45
75 44
75 43
76 43
77 43
78 43
78 42
78 41
78 40
78 39
78 38
79 38
79 37
79 36
79 35
79 34
78 34
77 34
77 33
77 32
77 31
77 30
77 29
77 28
78 28
78 29
78 30
78 31
78 32
78 33
79 33
79 32
79 31
80 31
81 31
81 32
80 32
80 33
80 34
80 35
80 36
80 37
80 38
80 39
79 39
79 40
80 40
80 41
79 41
79 42
80 42
81 42
81 41
81 40
81 39
82 39
82 38
81 38
81 37
82 37
82 36
81 36
81 35
81 34
81 33
82 33
82 34
82 35
83 35
83 36
83 37
83 38
83 39
83 40
82 40
82 41
82 42
82 43
81 43
80 43
80 44
79 44
78 44
77 44
76 44
76 45
77 45
78 45
78 46
77 46
76 46
76 47
77 47
78 47
78 48
77 48
76 48
76 49
75 49
74 49
74 50
75 50
76 50
76 51
75 51
74 51
74 52
73 52
73 53
73 54
74 54
74 53
75 53
75 52
76 52
76 53
76 54
75 54
75 55
76 55
76 56
76 57
76 58
77 58
77 59
76 59
76 60
77 60
77 61
78 61
78 60
78 59
78 58
78 57
77 57
77 56
77 55
77 54
78 54
78 53
77 53
77 52
78 52
78 51
77 51
77 50
77 49
78 49
78 50
79 50
79 51
79 52
79 53
79 54
79 55
78 55
78 56
79 56
79 57
79 58
80 58
80 59
81 59
81 58
82 58
82 57
81 57
80 57
80 56
81 56
82 56
83 56
83 55
82 55
82 54
81 54
81 55
80 55
80 54
80 53
81 53
82 53
82 52
81 52
80 52
80 51
81 51
82 51
82 50
82 49
81 49
81 50
80 50
80 49
79 49
79 48
79 47
79 46
79 45
80 45
80 46
80 47
80 48
81 48
81 47
81 46
82 46
82 45
81 45
81 44
82 44
83 44
83 45
83 46
83 47
82 47
82 48
83 48
84 48
84 47
84 46
84 45
84 44
84 43
83 43
83 42
83 41
84 41
84 40
84 39
85 39
85 40
85 41
86 41
86 42
85 42
85 43
85 44
85 45
85 46
85 47
85 48
85 49
84 49
83 49
83 50
83 51
83 52
83 53
84 53
84 52
84 51
84 50
85 50
85 51
85 52
85 53
86 53
86 54
87 54
87 53
87 52
86 52
86 51
87 51
87 50
86 50
86 49
87 49
87 48
86 48
86 47
86 46
86 45
86 44
86 43
87 43
88 43
88 44
87 44
87 45
88 45
88 46
87 46
87 47
88 47
88 48
89 48
89 47
89 46
90 46
90 47
90 48
90 49
89 49
88 49
88 50
89 50
89 51
90 51
90 50
91 50
91 51
91 52
90 52
89 52
88 52
88 53
89 53
90 53
90 54
89 54
89 55
88 55
87 55
86 55
85 55
85 54
84 54
84 55
84 56
85 56
86 56
87 56
88 56
89 56
89 57
90 57
90 56
90 55
91 55
91 54
91 53
92 53
92 52
92 51
92 50
93 50
93 51
93 52
94 52
94 51
94 50
94 49
93 49
92 49
91 49
91 48
92 48
92 47
91 47
91 46
92 46
92 45
91 45
90 45
89 45
89 44
90 44
91 44
91 43
90 43
89 43
89 42
88 42
87 42
87 41
87 40
86 40
86 39
87 39
87 38
86 38
85 38
84 38
84 37
84 36
84 35
84 34
83 34
83 33
84 33
85 33
85 32
84 32
83 32
82 32
82 31
83 31
83 30
84 30
84 31
85 31
85 30
85 29
85 28
84 28
84 29
83 29
82 29
81 29
81 30
80 30
80 29
79 29
79 28
80 28
80 27
79 27
79 26
80 26
80 25
79 25
79 24
79 23
79 22
79 21
80 21
81 21
82 21
82 22
81 22
80 22
80 23
80 24
81 24
81 25
81 26
81 27
81 28
82 28
83 28
83 27
83 26
82 26
82 25
83 25
83 24
82 24
82 23
83 23
83 22
83 21
83 20
82 20
82 19
83 19
84 19
84 20
84 21
84 22
84 23
84 24
85 24
85 23
85 22
85 21
85 20
85 19
85 18
84 18
83 18
82 18
82 17
82 16
82 15
82 14
83 14
83 15
84 15
84 16
83 16
83 17
84 17
85 17
85 16
85 15
85 14
86 14
86 15
86 16
86 17
86 18
87 18
87 19
86 19
86 20
86 21
87 21
87 22
86 22
86 23
86 24
87 24
87 25
86 25
85 25
84 25
84 26
84 27
85 27
85 26
86 26
86 27
86 28
87 28
88 28
88 27
87 27
87 26
88 26
88 25
88 24
89 24
89 23
90 23
90 24
91 24
91 23
91 22
90 22
89 22
88 22
88 21
89 21
89 20
88 20
88 19
88 18
88 17
87 17
87 16
88 16
88 15
87 15
87 14
88 14
88 13
87 13
86 13
85 13
85 12
86 12
86 11
87 11
87 12
88 12
88 11
88 10
87 10
86 10
86 9
87 9
88 9
89 9
89 10
90 10
90 11
89 11
89 12
89 13
89 14
89 15
89 16
89 17
89 18
89 19
90 19
90 20
90 21
91 21
91 20
91 19
91 18
91 17
90 17
90 16
90 15
90 14
90 13
90 12
91 12
91 11
91 10
92 10
92 9
92 8
92 7
93 7
93 8
93 9
93 10
93 11
92 11
92 12
93 12
94 12
94 11
95 11
95 12
95 13
96 13
96 14
95 14
94 14
94 13
93 13
92 13
91 13
91 14
92 14
93 14
93 15
92 15
91 15
91 16
92 16
92 17
92 18
93 18
93 19
92 19
92 20
93 20
93 21
92 21
92 22
93 22
93 23
92 23
92 24
